loop: 3
cost: 124233.0000000000
dataset: data/sbm_1000_1000_1000_1000_1000_1000_1000_1000
time: 504 msec
accuracy: 0.8495000000
