loop: 4
cost: 122502.0000000000
dataset: data/sbm_1000_1000_1000_1000_1000_1000_1000_1000
time: 646 msec
accuracy: 0.8495000000
