loop: 3
cost: 85123.0000000000
dataset: data/sbm_1000_1000_1000_1000
time: 103 msec
accuracy: 0.7415000000
