loop: 4
cost: 147851.0000000000
dataset: data/sbm_2000_2000_2000_2000
time: 369 msec
accuracy: 0.7077500000
