loop: 2
cost: 176068.0000000000
dataset: data/sbm_1000_1000_1000_1000_1000_1000_1000_1000
time: 358 msec
accuracy: 0.6903750000
