loop: 2
cost: 145910.0000000000
dataset: data/sbm_2000_2000_2000_2000
time: 192 msec
accuracy: 0.7083750000
