loop: 3
cost: 124455.0000000000
dataset: data/sbm_1000_1000_1000_1000_1000_1000_1000_1000
time: 507 msec
accuracy: 0.8478750000
