loop: 3
cost: 86425.0000000000
dataset: data/sbm_1000_1000_1000_1000
time: 115 msec
accuracy: 0.7172500000
