loop: 2
cost: 62121.0000000000
dataset: data/sbm_2000_2000_2000_2000
time: 192 msec
accuracy: 1.0000000000
