loop: 2
cost: 62051.0000000000
dataset: data/sbm_2000_2000_2000_2000
time: 195 msec
accuracy: 1.0000000000
