loop: 3
cost: 75988.0000000000
dataset: data/sbm_1000_1000_1000_1000_1000_1000_1000_1000
time: 515 msec
accuracy: 1.0000000000
