loop: 3
cost: 38513.0000000000
dataset: data/sbm_1000_1000_1000_1000
time: 100 msec
accuracy: 0.9997500000
