loop: 3
cost: 170734.0000000000
dataset: data/sbm_1000_1000_1000_1000_1000_1000_1000_1000
time: 508 msec
accuracy: 0.6930000000
