loop: 2
cost: 62069.0000000000
dataset: data/sbm_2000_2000_2000_2000
time: 199 msec
accuracy: 1.0000000000
