loop: 3
cost: 61686.0000000000
dataset: data/sbm_2000_2000_2000_2000
time: 283 msec
accuracy: 1.0000000000
