loop: 2
cost: 88635.0000000000
dataset: data/sbm_1000_1000_1000_1000
time: 69 msec
accuracy: 0.7142500000
