loop: 3
cost: 169867.0000000000
dataset: data/sbm_1000_1000_1000_1000_1000_1000_1000_1000
time: 504 msec
accuracy: 0.7136250000
