loop: 4
cost: 171963.0000000000
dataset: data/sbm_1000_1000_1000_1000_1000_1000_1000_1000
time: 639 msec
accuracy: 0.7146250000
