loop: 2
cost: 124116.0000000000
dataset: data/sbm_1000_1000_1000_1000_1000_1000_1000_1000
time: 382 msec
accuracy: 0.8577500000
