loop: 4
cost: 125468.0000000000
dataset: data/sbm_1000_1000_1000_1000_1000_1000_1000_1000
time: 652 msec
accuracy: 0.8451250000
