loop: 2
cost: 62175.0000000000
dataset: data/sbm_2000_2000_2000_2000
time: 194 msec
accuracy: 1.0000000000
