loop: 2
cost: 218915.0000000000
dataset: data/sbm_1000_1000_1000_1000_1000_1000_1000_1000
time: 355 msec
accuracy: 0.5567500000
