loop: 3
cost: 124493.0000000000
dataset: data/sbm_1000_1000_1000_1000_1000_1000_1000_1000
time: 547 msec
accuracy: 0.8450000000
