loop: 3
cost: 172379.0000000000
dataset: data/sbm_1000_1000_1000_1000_1000_1000_1000_1000
time: 505 msec
accuracy: 0.7115000000
