loop: 2
cost: 37565.0000000000
dataset: data/sbm_1000_1000_1000_1000
time: 79 msec
accuracy: 0.9997500000
