loop: 4
cost: 86373.0000000000
dataset: data/sbm_1000_1000_1000_1000
time: 147 msec
accuracy: 0.7532500000
