loop: 3
cost: 62389.0000000000
dataset: data/sbm_2000_2000_2000_2000
time: 272 msec
accuracy: 1.0000000000
