loop: 2
cost: 1454.0000000000
dataset: data/sbm_200_200
time: 60 msec
accuracy: 1.0000000000
