loop: 2
cost: 2931.0000000000
dataset: data/sbm_400_400
time: 8 msec
accuracy: 1.0000000000
