loop: 2
cost: 18151.0000000000
dataset: data/sbm_200_200_200_200
time: 14 msec
accuracy: 0.4987500000
