loop: 5
cost: 3016.0000000000
dataset: data/sbm_200_200_200_200
time: 36 msec
accuracy: 1.0000000000
