loop: 5
cost: 1494.0000000000
dataset: data/sbm_200_200
time: 7 msec
accuracy: 1.0000000000
