loop: 2
cost: 2904.0000000000
dataset: data/sbm_200_200_200_200
time: 462 msec
accuracy: 1.0000000000
