loop: 5
cost: 10362.0000000000
dataset: data/sbm_200_200_200_200
time: 37 msec
accuracy: 0.7275000000
