loop: 4
cost: 2863.0000000000
dataset: data/sbm_400_400
time: 16 msec
accuracy: 1.0000000000
