loop: 3
cost: 9566.0000000000
dataset: data/sbm_200_200_200_200
time: 416 msec
accuracy: 0.7200000000
