loop: 4
cost: 2902.0000000000
dataset: data/sbm_400_400
time: 14 msec
accuracy: 1.0000000000
