loop: 3
cost: 9423.0000000000
dataset: data/sbm_200_200_200_200
time: 434 msec
accuracy: 0.7150000000
