loop: 5
cost: 10827.0000000000
dataset: data/sbm_200_200_200_200
time: 36 msec
accuracy: 0.7400000000
