loop: 5
cost: 9510.0000000000
dataset: data/sbm_200_200_200_200
time: 435 msec
accuracy: 0.7437500000
