loop: 3
cost: 10672.0000000000
dataset: data/sbm_200_200_200_200
time: 21 msec
accuracy: 0.7375000000
