loop: 3
cost: 2850.0000000000
dataset: data/sbm_400_400
time: 468 msec
accuracy: 1.0000000000
