loop: 3
cost: 3039.0000000000
dataset: data/sbm_200_200_200_200
time: 21 msec
accuracy: 1.0000000000
