loop: 5
cost: 2890.0000000000
dataset: data/sbm_400_400
time: 18 msec
accuracy: 1.0000000000
