loop: 2
cost: 2905.0000000000
dataset: data/sbm_400_400
time: 7 msec
accuracy: 1.0000000000
