loop: 3
cost: 9620.0000000000
dataset: data/sbm_200_200_200_200
time: 455 msec
accuracy: 0.7200000000
