loop: 2
cost: 1488.0000000000
dataset: data/sbm_200_200
time: 3 msec
accuracy: 1.0000000000
