loop: 4
cost: 1481.0000000000
dataset: data/sbm_200_200
time: 6 msec
accuracy: 1.0000000000
