loop: 3
cost: 1535.0000000000
dataset: data/sbm_200_200
time: 5 msec
accuracy: 1.0000000000
