loop: 5
cost: 2900.0000000000
dataset: data/sbm_400_400
time: 19 msec
accuracy: 1.0000000000
