loop: 5
cost: 2991.0000000000
dataset: data/sbm_200_200_200_200
time: 35 msec
accuracy: 1.0000000000
