loop: 3
cost: 2917.0000000000
dataset: data/sbm_400_400
time: 12 msec
accuracy: 1.0000000000
