loop: 6
cost: 3018.0000000000
dataset: data/sbm_200_200_200_200
time: 42 msec
accuracy: 1.0000000000
