loop: 4
cost: 2916.0000000000
dataset: data/sbm_400_400
time: 15 msec
accuracy: 1.0000000000
