loop: 3
cost: 9420.0000000000
dataset: data/sbm_200_200_200_200
time: 448 msec
accuracy: 0.7362500000
