loop: 4
cost: 9502.0000000000
dataset: data/sbm_200_200_200_200
time: 437 msec
accuracy: 0.7025000000
