loop: 2
cost: 9684.0000000000
dataset: data/sbm_200_200_200_200
time: 418 msec
accuracy: 0.7362500000
