loop: 4
cost: 3007.0000000000
dataset: data/sbm_200_200_200_200
time: 28 msec
accuracy: 1.0000000000
