loop: 3
cost: 1530.0000000000
dataset: data/sbm_200_200
time: 4 msec
accuracy: 1.0000000000
