loop: 4
cost: 10623.0000000000
dataset: data/sbm_200_200_200_200
time: 28 msec
accuracy: 0.7112500000
