loop: 2
cost: 10393.0000000000
dataset: data/sbm_200_200_200_200
time: 14 msec
accuracy: 0.7250000000
