loop: 2
cost: 9783.0000000000
dataset: data/sbm_200_200_200_200
time: 434 msec
accuracy: 0.7362500000
