loop: 3
cost: 9898.0000000000
dataset: data/sbm_200_200_200_200
time: 394 msec
accuracy: 0.7437500000
