loop: 3
cost: 1454.0000000000
dataset: data/sbm_200_200
time: 54 msec
accuracy: 1.0000000000
