loop: 2
cost: 1549.0000000000
dataset: data/sbm_200_200
time: 4 msec
accuracy: 1.0000000000
