loop: 2
cost: 2850.0000000000
dataset: data/sbm_400_400
time: 441 msec
accuracy: 1.0000000000
