loop: 4
cost: 2887.0000000000
dataset: data/sbm_400_400
time: 17 msec
accuracy: 1.0000000000
