loop: 3
cost: 2904.0000000000
dataset: data/sbm_200_200_200_200
time: 432 msec
accuracy: 1.0000000000
