loop: 3
cost: 2887.0000000000
dataset: data/sbm_400_400
time: 11 msec
accuracy: 1.0000000000
