loop: 2
cost: 675654.0000000000
dataset: data/sbm_2500_3000_3500_4000_4500_5000_5500_6000
time: 2433 msec
accuracy: 0.7222647059
