loop: 3
cost: 193721.0000000000
dataset: data/sbm_2500_3000_3500_4000
time: 529 msec
accuracy: 0.7406153846
