loop: 4
cost: 820587.0000000000
dataset: data/sbm_2500_3000_3500_4000_4500_5000_5500_6000
time: 4609 msec
accuracy: 0.6242058824
