loop: 3
cost: 194098.0000000000
dataset: data/sbm_2500_3000_3500_4000
time: 543 msec
accuracy: 0.7620000000
