loop: 3
cost: 567814.0000000000
dataset: data/sbm_2500_3000_3500_4000_4500_5000_5500_6000
time: 3799 msec
accuracy: 0.7830294118
