loop: 4
cost: 495140.0000000000
dataset: data/sbm_2500_3000_3500_4000_4500_5000_5500_6000
time: 5071 msec
accuracy: 0.8475000000
