loop: 2
cost: 198486.0000000000
dataset: data/sbm_2500_3000_3500_4000
time: 344 msec
accuracy: 0.7797692308
