loop: 2
cost: 92056.0000000000
dataset: data/sbm_2500_3000_3500_4000
time: 372 msec
accuracy: 1.0000000000
