loop: 2
cost: 91197.0000000000
dataset: data/sbm_2500_3000_3500_4000
time: 386 msec
accuracy: 1.0000000000
