loop: 3
cost: 338500.0000000000
dataset: data/sbm_2500_3000_3500_4000
time: 524 msec
accuracy: 0.4776153846
