loop: 4
cost: 432225.0000000000
dataset: data/sbm_2500_3000_3500_4000_4500_5000_5500_6000
time: 4642 msec
accuracy: 0.8914411765
