loop: 2
cost: 216361.0000000000
dataset: data/sbm_2500_3000_3500_4000
time: 353 msec
accuracy: 0.7497692308
