loop: 2
cost: 194870.0000000000
dataset: data/sbm_2500_3000_3500_4000
time: 360 msec
accuracy: 0.7679230769
