loop: 4
cost: 195036.0000000000
dataset: data/sbm_2500_3000_3500_4000
time: 707 msec
accuracy: 0.7576153846
