loop: 2
cost: 93525.0000000000
dataset: data/sbm_2500_3000_3500_4000
time: 380 msec
accuracy: 1.0000000000
