loop: 2
cost: 196159.0000000000
dataset: data/sbm_2500_3000_3500_4000
time: 373 msec
accuracy: 0.7589230769
