loop: 3
cost: 216896.0000000000
dataset: data/sbm_2500_3000_3500_4000
time: 541 msec
accuracy: 0.7108461538
