loop: 5
cost: 92128.0000000000
dataset: data/sbm_2500_3000_3500_4000
time: 902 msec
accuracy: 1.0000000000
