loop: 3
cost: 197429.0000000000
dataset: data/sbm_2500_3000_3500_4000
time: 546 msec
accuracy: 0.7432307692
