loop: 3
cost: 215709.0000000000
dataset: data/sbm_2500_3000_3500_4000
time: 535 msec
accuracy: 0.7450769231
