loop: 5
cost: 196197.0000000000
dataset: data/sbm_2500_3000_3500_4000
time: 881 msec
accuracy: 0.7556153846
