loop: 3
cost: 194911.0000000000
dataset: data/sbm_2500_3000_3500_4000
time: 519 msec
accuracy: 0.7503076923
