loop: 5
cost: 92153.0000000000
dataset: data/sbm_2500_3000_3500_4000
time: 913 msec
accuracy: 1.0000000000
