loop: 4
cost: 545405.0000000000
dataset: data/sbm_2500_3000_3500_4000_4500_5000_5500_6000
time: 4614 msec
accuracy: 0.6377352941
