loop: 5
cost: 194905.0000000000
dataset: data/sbm_2500_3000_3500_4000
time: 860 msec
accuracy: 0.7413846154
