loop: 4
cost: 211822.0000000000
dataset: data/sbm_2500_3000_3500_4000
time: 706 msec
accuracy: 0.7467692308
