loop: 2
cost: 214091.0000000000
dataset: data/sbm_2500_3000_3500_4000
time: 364 msec
accuracy: 0.7310769231
