loop: 3
cost: 193567.0000000000
dataset: data/sbm_2500_3000_3500_4000
time: 526 msec
accuracy: 0.7564615385
