loop: 2
cost: 292281.0000000000
dataset: data/sbm_2500_3000_3500_4000_4500_5000_5500_6000
time: 2679 msec
accuracy: 1.0000000000
