loop: 2
cost: 256087.0000000000
dataset: data/sbm_2500_3000_3500_4000
time: 375 msec
accuracy: 0.6760000000
