loop: 6
cost: 605574.0000000000
dataset: data/sbm_2500_3000_3500_4000_4500_5000_5500_6000
time: 7059 msec
accuracy: 0.6887352941
