loop: 4
cost: 234670.0000000000
dataset: data/sbm_2500_3000_3500_4000
time: 708 msec
accuracy: 0.6972307692
