loop: 5
cost: 409501.0000000000
dataset: data/sbm_2500_3000_3500_4000_4500_5000_5500_6000
time: 6134 msec
accuracy: 0.9075588235
