loop: 2
cost: 217778.0000000000
dataset: data/sbm_2500_3000_3500_4000
time: 368 msec
accuracy: 0.7112307692
