loop: 2
cost: 215530.0000000000
dataset: data/sbm_2500_3000_3500_4000
time: 349 msec
accuracy: 0.7351538462
