loop: 4
cost: 92702.0000000000
dataset: data/sbm_2500_3000_3500_4000
time: 732 msec
accuracy: 1.0000000000
