loop: 2
cost: 235352.0000000000
dataset: data/sbm_2500_3000_3500_4000
time: 343 msec
accuracy: 0.7178461538
