loop: 3
cost: 561345.0000000000
dataset: data/sbm_2500_3000_3500_4000_4500_5000_5500_6000
time: 3807 msec
accuracy: 0.7968235294
