loop: 5
cost: 93112.0000000000
dataset: data/sbm_2500_3000_3500_4000
time: 897 msec
accuracy: 1.0000000000
