loop: 4
cost: 92002.0000000000
dataset: data/sbm_2500_3000_3500_4000
time: 731 msec
accuracy: 1.0000000000
