loop: 5
cost: 190988.0000000000
dataset: data/sbm_2500_3000_3500_4000
time: 850 msec
accuracy: 0.7436153846
