loop: 4
cost: 91917.0000000000
dataset: data/sbm_2500_3000_3500_4000
time: 710 msec
accuracy: 1.0000000000
