loop: 2
cost: 196042.0000000000
dataset: data/sbm_2500_3000_3500_4000
time: 347 msec
accuracy: 0.7650769231
