loop: 4
cost: 91256.0000000000
dataset: data/sbm_2500_3000_3500_4000
time: 727 msec
accuracy: 1.0000000000
