loop: 4
cost: 319026.0000000000
dataset: data/sbm_2500_3000_3500_4000
time: 682 msec
accuracy: 0.4822307692
