loop: 3
cost: 195898.0000000000
dataset: data/sbm_2500_3000_3500_4000
time: 549 msec
accuracy: 0.7582307692
