loop: 3
cost: 193330.0000000000
dataset: data/sbm_2500_3000_3500_4000
time: 547 msec
accuracy: 0.7689230769
