loop: 4
cost: 214740.0000000000
dataset: data/sbm_2500_3000_3500_4000
time: 709 msec
accuracy: 0.7125384615
