loop: 3
cost: 257822.0000000000
dataset: data/sbm_2500_3000_3500_4000
time: 528 msec
accuracy: 0.6792307692
