loop: 2
cost: 196947.0000000000
dataset: data/sbm_2500_3000_3500_4000
time: 355 msec
accuracy: 0.7766153846
