loop: 3
cost: 195046.0000000000
dataset: data/sbm_2500_3000_3500_4000
time: 538 msec
accuracy: 0.7720769231
