loop: 6
cost: 195621.0000000000
dataset: data/sbm_2500_3000_3500_4000
time: 1064 msec
accuracy: 0.7493076923
