loop: 3
cost: 256930.0000000000
dataset: data/sbm_2500_3000_3500_4000
time: 568 msec
accuracy: 0.6640769231
