loop: 3
cost: 215755.0000000000
dataset: data/sbm_2500_3000_3500_4000
time: 533 msec
accuracy: 0.7530769231
