loop: 2
cost: 214922.0000000000
dataset: data/sbm_2500_3000_3500_4000
time: 352 msec
accuracy: 0.7281538462
