loop: 3
cost: 196192.0000000000
dataset: data/sbm_2500_3000_3500_4000
time: 534 msec
accuracy: 0.7718461538
