loop: 2
cost: 195550.0000000000
dataset: data/sbm_2500_3000_3500_4000
time: 371 msec
accuracy: 0.7722307692
