loop: 5
cost: 92954.0000000000
dataset: data/sbm_2500_3000_3500_4000
time: 888 msec
accuracy: 1.0000000000
