loop: 4
cost: 194404.0000000000
dataset: data/sbm_2500_3000_3500_4000
time: 725 msec
accuracy: 0.7667692308
