loop: 2
cost: 215823.0000000000
dataset: data/sbm_2500_3000_3500_4000
time: 356 msec
accuracy: 0.7244615385
