loop: 4
cost: 233808.0000000000
dataset: data/sbm_2500_3000_3500_4000
time: 717 msec
accuracy: 0.7054615385
