loop: 4
cost: 407416.0000000000
dataset: data/sbm_2500_3000_3500_4000_4500_5000_5500_6000
time: 5057 msec
accuracy: 0.9020000000
