loop: 5
cost: 212871.0000000000
dataset: data/sbm_2500_3000_3500_4000
time: 887 msec
accuracy: 0.7509230769
