loop: 4
cost: 236445.0000000000
dataset: data/sbm_2500_3000_3500_4000
time: 733 msec
accuracy: 0.7042307692
