loop: 3
cost: 502027.0000000000
dataset: data/sbm_2500_3000_3500_4000_4500_5000_5500_6000
time: 3935 msec
accuracy: 0.8605000000
