loop: 3
cost: 195863.0000000000
dataset: data/sbm_2500_3000_3500_4000
time: 528 msec
accuracy: 0.7729230769
