loop: 5
cost: 991199.0000000000
dataset: data/sbm_2500_3000_3500_4000_4500_5000_5500_6000
time: 5738 msec
accuracy: 0.4898529412
