loop: 3
cost: 196110.0000000000
dataset: data/sbm_2500_3000_3500_4000
time: 562 msec
accuracy: 0.7496153846
