loop: 2
cost: 339010.0000000000
dataset: data/sbm_2500_3000_3500_4000
time: 338 msec
accuracy: 0.4767692308
