loop: 2
cost: 194567.0000000000
dataset: data/sbm_2500_3000_3500_4000
time: 339 msec
accuracy: 0.7455384615
