loop: 5
cost: 408663.0000000000
dataset: data/sbm_2500_3000_3500_4000_4500_5000_5500_6000
time: 6586 msec
accuracy: 0.9087647059
