loop: 3
cost: 93093.0000000000
dataset: data/sbm_2500_3000_3500_4000
time: 533 msec
accuracy: 1.0000000000
