loop: 4
cost: 194810.0000000000
dataset: data/sbm_2500_3000_3500_4000
time: 705 msec
accuracy: 0.7721538462
