loop: 2
cost: 218572.0000000000
dataset: data/sbm_2500_3000_3500_4000
time: 370 msec
accuracy: 0.7260000000
