loop: 3
cost: 212351.0000000000
dataset: data/sbm_2500_3000_3500_4000
time: 520 msec
accuracy: 0.7200000000
