loop: 3
cost: 236001.0000000000
dataset: data/sbm_2500_3000_3500_4000
time: 526 msec
accuracy: 0.7108461538
