loop: 2
cost: 337438.0000000000
dataset: data/sbm_2500_3000_3500_4000
time: 335 msec
accuracy: 0.4446153846
