loop: 4
cost: 196304.0000000000
dataset: data/sbm_2500_3000_3500_4000
time: 702 msec
accuracy: 0.7470769231
