loop: 3
cost: 763535.0000000000
dataset: data/sbm_2500_3000_3500_4000_4500_5000_5500_6000
time: 3449 msec
accuracy: 0.6417058824
