loop: 2
cost: 197101.0000000000
dataset: data/sbm_2500_3000_3500_4000
time: 372 msec
accuracy: 0.7510000000
