loop: 3
cost: 198064.0000000000
dataset: data/sbm_2500_3000_3500_4000
time: 530 msec
accuracy: 0.7646923077
