loop: 3
cost: 457453.0000000000
dataset: data/sbm_2500_3000_3500_4000_4500_5000_5500_6000
time: 3565 msec
accuracy: 0.8694411765
