loop: 4
cost: 194860.0000000000
dataset: data/sbm_2500_3000_3500_4000
time: 690 msec
accuracy: 0.7501538462
