loop: 3
cost: 596212.0000000000
dataset: data/sbm_2500_3000_3500_4000_4500_5000_5500_6000
time: 3869 msec
accuracy: 0.6550000000
