loop: 3
cost: 216251.0000000000
dataset: data/sbm_2500_3000_3500_4000
time: 547 msec
accuracy: 0.7111538462
