loop: 2
cost: 217237.0000000000
dataset: data/sbm_2500_3000_3500_4000
time: 346 msec
accuracy: 0.7179230769
