loop: 3
cost: 236849.0000000000
dataset: data/sbm_2500_3000_3500_4000
time: 551 msec
accuracy: 0.7273846154
