loop: 2
cost: 196335.0000000000
dataset: data/sbm_2500_3000_3500_4000
time: 357 msec
accuracy: 0.7733846154
