loop: 3
cost: 215297.0000000000
dataset: data/sbm_2500_3000_3500_4000
time: 532 msec
accuracy: 0.7587692308
