loop: 4
cost: 93245.0000000000
dataset: data/sbm_2500_3000_3500_4000
time: 717 msec
accuracy: 1.0000000000
