loop: 4
cost: 195483.0000000000
dataset: data/sbm_2500_3000_3500_4000
time: 711 msec
accuracy: 0.7570769231
