loop: 4
cost: 193728.0000000000
dataset: data/sbm_2500_3000_3500_4000
time: 722 msec
accuracy: 0.7563076923
