loop: 5
cost: 725212.0000000000
dataset: data/sbm_2500_3000_3500_4000_4500_5000_5500_6000
time: 5799 msec
accuracy: 0.6915294118
