loop: 5
cost: 496107.0000000000
dataset: data/sbm_2500_3000_3500_4000_4500_5000_5500_6000
time: 6103 msec
accuracy: 0.8561176471
