loop: 2
cost: 1023306.0000000000
dataset: data/sbm_2500_3000_3500_4000_4500_5000_5500_6000
time: 2292 msec
accuracy: 0.4719117647
