loop: 2
cost: 92994.0000000000
dataset: data/sbm_2500_3000_3500_4000
time: 363 msec
accuracy: 1.0000000000
