loop: 3
cost: 194716.0000000000
dataset: data/sbm_2500_3000_3500_4000
time: 531 msec
accuracy: 0.7583846154
