loop: 2
cost: 193007.0000000000
dataset: data/sbm_2500_3000_3500_4000
time: 365 msec
accuracy: 0.7603076923
