loop: 5
cost: 235710.0000000000
dataset: data/sbm_2500_3000_3500_4000
time: 894 msec
accuracy: 0.7083076923
