loop: 3
cost: 318237.0000000000
dataset: data/sbm_2500_3000_3500_4000
time: 565 msec
accuracy: 0.4800769231
