loop: 2
cost: 215644.0000000000
dataset: data/sbm_2500_3000_3500_4000
time: 375 msec
accuracy: 0.7181538462
