loop: 2
cost: 237356.0000000000
dataset: data/sbm_2500_3000_3500_4000
time: 340 msec
accuracy: 0.6763846154
