loop: 3
cost: 234925.0000000000
dataset: data/sbm_2500_3000_3500_4000
time: 523 msec
accuracy: 0.7162307692
