loop: 4
cost: 215924.0000000000
dataset: data/sbm_2500_3000_3500_4000
time: 710 msec
accuracy: 0.7165384615
