loop: 6
cost: 92898.0000000000
dataset: data/sbm_2500_3000_3500_4000
time: 1081 msec
accuracy: 1.0000000000
