loop: 2
cost: 432967.0000000000
dataset: data/sbm_2500_3000_3500_4000_4500_5000_5500_6000
time: 2676 msec
accuracy: 0.8982058824
