loop: 4
cost: 192583.0000000000
dataset: data/sbm_2500_3000_3500_4000
time: 728 msec
accuracy: 0.7654615385
