loop: 6
cost: 192124.0000000000
dataset: data/sbm_2500_3000_3500_4000
time: 1066 msec
accuracy: 0.7814615385
