loop: 3
cost: 213344.0000000000
dataset: data/sbm_2500_3000_3500_4000
time: 556 msec
accuracy: 0.7342307692
