loop: 3
cost: 196958.0000000000
dataset: data/sbm_2500_3000_3500_4000
time: 522 msec
accuracy: 0.7545384615
