loop: 6
cost: 589556.0000000000
dataset: data/sbm_2500_3000_3500_4000_4500_5000_5500_6000
time: 6919 msec
accuracy: 0.7761764706
