loop: 2
cost: 996306.0000000000
dataset: data/sbm_2500_3000_3500_4000_4500_5000_5500_6000
time: 2369 msec
accuracy: 0.3236470588
