loop: 5
cost: 91725.0000000000
dataset: data/sbm_2500_3000_3500_4000
time: 900 msec
accuracy: 1.0000000000
