loop: 4
cost: 294039.0000000000
dataset: data/sbm_2500_3000_3500_4000_4500_5000_5500_6000
time: 4994 msec
accuracy: 1.0000000000
