loop: 3
cost: 196600.0000000000
dataset: data/sbm_2500_3000_3500_4000
time: 548 msec
accuracy: 0.7607692308
