loop: 4
cost: 195802.0000000000
dataset: data/sbm_2500_3000_3500_4000
time: 701 msec
accuracy: 0.7457692308
