loop: 4
cost: 316911.0000000000
dataset: data/sbm_2500_3000_3500_4000
time: 685 msec
accuracy: 0.4844615385
