loop: 2
cost: 486271.0000000000
dataset: data/sbm_2000_2000_2000_2000_2000_2000_2000_2000
time: 897 msec
accuracy: 0.5801250000
