loop: 4
cost: 283728.0000000000
dataset: data/sbm_2000_2000_2000_2000_2000_2000_2000_2000
time: 1752 msec
accuracy: 0.8462500000
