loop: 2
cost: 219801.0000000000
dataset: data/sbm_1000_1000_1000_1000_1000_1000_1000_1000
time: 350 msec
accuracy: 0.5677500000
