loop: 3
cost: 248250.0000000000
dataset: data/sbm_1000_1000_1000_1000_1000_1000_1000_1000_1000_1000_1000_1000_1000_1000_1000_1000
time: 2987 msec
accuracy: 0.8448750000
