loop: 2
cost: 345495.0000000000
dataset: data/sbm_1000_1000_1000_1000_1000_1000_1000_1000_1000_1000_1000_1000_1000_1000_1000_1000
time: 2455 msec
accuracy: 0.6320000000
