loop: 3
cost: 248374.0000000000
dataset: data/sbm_1000_1000_1000_1000_1000_1000_1000_1000_1000_1000_1000_1000_1000_1000_1000_1000
time: 3427 msec
accuracy: 0.8490000000
