loop: 4
cost: 342014.0000000000
dataset: data/sbm_1000_1000_1000_1000_1000_1000_1000_1000_1000_1000_1000_1000_1000_1000_1000_1000
time: 4808 msec
accuracy: 0.6977500000
