loop: 4
cost: 171220.0000000000
dataset: data/sbm_1000_1000_1000_1000_1000_1000_1000_1000
time: 625 msec
accuracy: 0.6936250000
