loop: 4
cost: 283314.0000000000
dataset: data/sbm_2000_2000_2000_2000_2000_2000_2000_2000
time: 1722 msec
accuracy: 0.8495625000
