loop: 3
cost: 285766.0000000000
dataset: data/sbm_2000_2000_2000_2000_2000_2000_2000_2000
time: 1326 msec
accuracy: 0.8548750000
