loop: 2
cost: 297933.0000000000
dataset: data/sbm_1000_1000_1000_1000_1000_1000_1000_1000_1000_1000_1000_1000_1000_1000_1000_1000
time: 2498 msec
accuracy: 0.7732500000
