loop: 2
cost: 385004.0000000000
dataset: data/sbm_2000_2000_2000_2000_2000_2000_2000_2000
time: 906 msec
accuracy: 0.7044375000
