loop: 2
cost: 125858.0000000000
dataset: data/sbm_1000_1000_1000_1000_1000_1000_1000_1000
time: 349 msec
accuracy: 0.8490000000
