loop: 4
cost: 296284.0000000000
dataset: data/sbm_1000_1000_1000_1000_1000_1000_1000_1000_1000_1000_1000_1000_1000_1000_1000_1000
time: 4248 msec
accuracy: 0.7778125000
