loop: 2
cost: 390945.0000000000
dataset: data/sbm_2000_2000_2000_2000_2000_2000_2000_2000
time: 1009 msec
accuracy: 0.7018125000
