loop: 3
cost: 343541.0000000000
dataset: data/sbm_1000_1000_1000_1000_1000_1000_1000_1000_1000_1000_1000_1000_1000_1000_1000_1000
time: 3449 msec
accuracy: 0.6626875000
