loop: 5
cost: 296474.0000000000
dataset: data/sbm_1000_1000_1000_1000_1000_1000_1000_1000_1000_1000_1000_1000_1000_1000_1000_1000
time: 5289 msec
accuracy: 0.7788750000
