loop: 4
cost: 389232.0000000000
dataset: data/sbm_2000_2000_2000_2000_2000_2000_2000_2000
time: 1767 msec
accuracy: 0.7098125000
