loop: 2
cost: 387018.0000000000
dataset: data/sbm_2000_2000_2000_2000_2000_2000_2000_2000
time: 898 msec
accuracy: 0.6873750000
