loop: 4
cost: 245393.0000000000
dataset: data/sbm_1000_1000_1000_1000_1000_1000_1000_1000_1000_1000_1000_1000_1000_1000_1000_1000
time: 4245 msec
accuracy: 0.8489375000
