loop: 4
cost: 123836.0000000000
dataset: data/sbm_1000_1000_1000_1000_1000_1000_1000_1000
time: 638 msec
accuracy: 0.8470000000
