loop: 2
cost: 285891.0000000000
dataset: data/sbm_2000_2000_2000_2000_2000_2000_2000_2000
time: 901 msec
accuracy: 0.8413750000
