loop: 2
cost: 122522.0000000000
dataset: data/sbm_1000_1000_1000_1000_1000_1000_1000_1000
time: 590 msec
accuracy: 0.8538750000
