loop: 2
cost: 283626.0000000000
dataset: data/sbm_2000_2000_2000_2000_2000_2000_2000_2000
time: 1004 msec
accuracy: 0.8514375000
