loop: 4
cost: 344591.0000000000
dataset: data/sbm_1000_1000_1000_1000_1000_1000_1000_1000_1000_1000_1000_1000_1000_1000_1000_1000
time: 4286 msec
accuracy: 0.7039375000
