loop: 3
cost: 380440.0000000000
dataset: data/sbm_2000_2000_2000_2000_2000_2000_2000_2000
time: 1351 msec
accuracy: 0.7183750000
