loop: 3
cost: 122606.0000000000
dataset: data/sbm_1000_1000_1000_1000_1000_1000_1000_1000
time: 480 msec
accuracy: 0.8516250000
