loop: 5
cost: 486145.0000000000
dataset: data/sbm_2000_2000_2000_2000_2000_2000_2000_2000
time: 2127 msec
accuracy: 0.5413750000
