loop: 5
cost: 171083.0000000000
dataset: data/sbm_1000_1000_1000_1000_1000_1000_1000_1000
time: 779 msec
accuracy: 0.7207500000
