loop: 3
cost: 168595.0000000000
dataset: data/sbm_1000_1000_1000_1000_1000_1000_1000_1000
time: 493 msec
accuracy: 0.6382500000
