loop: 3
cost: 296435.0000000000
dataset: data/sbm_1000_1000_1000_1000_1000_1000_1000_1000_1000_1000_1000_1000_1000_1000_1000_1000
time: 3344 msec
accuracy: 0.7780625000
