loop: 3
cost: 335659.0000000000
dataset: data/sbm_1000_1000_1000_1000_1000_1000_1000_1000_1000_1000_1000_1000_1000_1000_1000_1000
time: 3344 msec
accuracy: 0.7174375000
