loop: 2
cost: 174730.0000000000
dataset: data/sbm_1000_1000_1000_1000_1000_1000_1000_1000
time: 348 msec
accuracy: 0.6918750000
