loop: 3
cost: 286751.0000000000
dataset: data/sbm_2000_2000_2000_2000_2000_2000_2000_2000
time: 1329 msec
accuracy: 0.8512500000
