loop: 2
cost: 295791.0000000000
dataset: data/sbm_1000_1000_1000_1000_1000_1000_1000_1000_1000_1000_1000_1000_1000_1000_1000_1000
time: 2465 msec
accuracy: 0.7753125000
