loop: 4
cost: 477219.0000000000
dataset: data/sbm_2000_2000_2000_2000_2000_2000_2000_2000
time: 1747 msec
accuracy: 0.5619375000
