loop: 2
cost: 121462.0000000000
dataset: data/sbm_1000_1000_1000_1000_1000_1000_1000_1000
time: 343 msec
accuracy: 0.8607500000
