loop: 2
cost: 202711.0000000000
dataset: data/sbm_1000_1000_1000_1000_1000_1000_1000_1000_1000_1000_1000_1000_1000_1000_1000_1000
time: 2503 msec
accuracy: 0.9217500000
