loop: 3
cost: 295748.0000000000
dataset: data/sbm_1000_1000_1000_1000_1000_1000_1000_1000_1000_1000_1000_1000_1000_1000_1000_1000
time: 3374 msec
accuracy: 0.7683750000
