loop: 3
cost: 287821.0000000000
dataset: data/sbm_2000_2000_2000_2000_2000_2000_2000_2000
time: 1283 msec
accuracy: 0.8447500000
