loop: 2
cost: 299094.0000000000
dataset: data/sbm_1000_1000_1000_1000_1000_1000_1000_1000_1000_1000_1000_1000_1000_1000_1000_1000
time: 2597 msec
accuracy: 0.7882500000
