loop: 2
cost: 173604.0000000000
dataset: data/sbm_1000_1000_1000_1000_1000_1000_1000_1000
time: 336 msec
accuracy: 0.7087500000
