loop: 3
cost: 293448.0000000000
dataset: data/sbm_1000_1000_1000_1000_1000_1000_1000_1000_1000_1000_1000_1000_1000_1000_1000_1000
time: 3368 msec
accuracy: 0.7723750000
