loop: 2
cost: 286395.0000000000
dataset: data/sbm_2000_2000_2000_2000_2000_2000_2000_2000
time: 980 msec
accuracy: 0.8408750000
