loop: 3
cost: 171985.0000000000
dataset: data/sbm_1000_1000_1000_1000_1000_1000_1000_1000
time: 500 msec
accuracy: 0.7197500000
