loop: 4
cost: 294985.0000000000
dataset: data/sbm_1000_1000_1000_1000_1000_1000_1000_1000_1000_1000_1000_1000_1000_1000_1000_1000
time: 4558 msec
accuracy: 0.7736250000
