loop: 2
cost: 75409.0000000000
dataset: data/sbm_1000_1000_1000_1000_1000_1000_1000_1000
time: 331 msec
accuracy: 1.0000000000
