loop: 3
cost: 171112.0000000000
dataset: data/sbm_1000_1000_1000_1000_1000_1000_1000_1000
time: 491 msec
accuracy: 0.7085000000
