loop: 4
cost: 283989.0000000000
dataset: data/sbm_2000_2000_2000_2000_2000_2000_2000_2000
time: 1943 msec
accuracy: 0.8466250000
