loop: 2
cost: 285767.0000000000
dataset: data/sbm_2000_2000_2000_2000_2000_2000_2000_2000
time: 891 msec
accuracy: 0.8495000000
