loop: 3
cost: 245392.0000000000
dataset: data/sbm_1000_1000_1000_1000_1000_1000_1000_1000_1000_1000_1000_1000_1000_1000_1000_1000
time: 3839 msec
accuracy: 0.8001250000
