loop: 3
cost: 124408.0000000000
dataset: data/sbm_1000_1000_1000_1000_1000_1000_1000_1000
time: 492 msec
accuracy: 0.8463750000
