loop: 3
cost: 285123.0000000000
dataset: data/sbm_2000_2000_2000_2000_2000_2000_2000_2000
time: 1335 msec
accuracy: 0.8398750000
