loop: 4
cost: 384427.0000000000
dataset: data/sbm_2000_2000_2000_2000_2000_2000_2000_2000
time: 1762 msec
accuracy: 0.7245625000
