loop: 2
cost: 297005.0000000000
dataset: data/sbm_1000_1000_1000_1000_1000_1000_1000_1000_1000_1000_1000_1000_1000_1000_1000_1000
time: 2466 msec
accuracy: 0.7702500000
