loop: 3
cost: 186732.0000000000
dataset: data/sbm_2000_2000_2000_2000_2000_2000_2000_2000
time: 1373 msec
accuracy: 0.9999375000
