loop: 5
cost: 292446.0000000000
dataset: data/sbm_1000_1000_1000_1000_1000_1000_1000_1000_1000_1000_1000_1000_1000_1000_1000_1000
time: 5297 msec
accuracy: 0.7793750000
