loop: 4
cost: 346543.0000000000
dataset: data/sbm_1000_1000_1000_1000_1000_1000_1000_1000_1000_1000_1000_1000_1000_1000_1000_1000
time: 4279 msec
accuracy: 0.6924375000
