loop: 4
cost: 125746.0000000000
dataset: data/sbm_1000_1000_1000_1000_1000_1000_1000_1000
time: 637 msec
accuracy: 0.8633750000
