loop: 2
cost: 174492.0000000000
dataset: data/sbm_1000_1000_1000_1000_1000_1000_1000_1000
time: 343 msec
accuracy: 0.7015000000
