loop: 4
cost: 249711.0000000000
dataset: data/sbm_1000_1000_1000_1000_1000_1000_1000_1000_1000_1000_1000_1000_1000_1000_1000_1000
time: 4200 msec
accuracy: 0.8568750000
