loop: 3
cost: 124668.0000000000
dataset: data/sbm_1000_1000_1000_1000_1000_1000_1000_1000
time: 488 msec
accuracy: 0.8527500000
