loop: 6
cost: 169572.0000000000
dataset: data/sbm_1000_1000_1000_1000_1000_1000_1000_1000
time: 942 msec
accuracy: 0.7067500000
