loop: 3
cost: 387843.0000000000
dataset: data/sbm_2000_2000_2000_2000_2000_2000_2000_2000
time: 1314 msec
accuracy: 0.7026875000
