loop: 3
cost: 171994.0000000000
dataset: data/sbm_1000_1000_1000_1000_1000_1000_1000_1000
time: 485 msec
accuracy: 0.7196250000
