loop: 3
cost: 172638.0000000000
dataset: data/sbm_1000_1000_1000_1000_1000_1000_1000_1000
time: 494 msec
accuracy: 0.7041250000
