loop: 3
cost: 296374.0000000000
dataset: data/sbm_1000_1000_1000_1000_1000_1000_1000_1000_1000_1000_1000_1000_1000_1000_1000_1000
time: 3425 msec
accuracy: 0.7803750000
