loop: 2
cost: 126168.0000000000
dataset: data/sbm_1000_1000_1000_1000_1000_1000_1000_1000
time: 351 msec
accuracy: 0.8520000000
