loop: 2
cost: 283824.0000000000
dataset: data/sbm_2000_2000_2000_2000_2000_2000_2000_2000
time: 1010 msec
accuracy: 0.8538125000
