loop: 2
cost: 287373.0000000000
dataset: data/sbm_2000_2000_2000_2000_2000_2000_2000_2000
time: 925 msec
accuracy: 0.8581875000
