loop: 2
cost: 285372.0000000000
dataset: data/sbm_2000_2000_2000_2000_2000_2000_2000_2000
time: 915 msec
accuracy: 0.8422500000
