loop: 4
cost: 246890.0000000000
dataset: data/sbm_1000_1000_1000_1000_1000_1000_1000_1000_1000_1000_1000_1000_1000_1000_1000_1000
time: 4292 msec
accuracy: 0.8516250000
