loop: 3
cost: 286584.0000000000
dataset: data/sbm_2000_2000_2000_2000_2000_2000_2000_2000
time: 1296 msec
accuracy: 0.8495000000
