loop: 2
cost: 298530.0000000000
dataset: data/sbm_1000_1000_1000_1000_1000_1000_1000_1000_1000_1000_1000_1000_1000_1000_1000_1000
time: 2192 msec
accuracy: 0.7813750000
