loop: 2
cost: 288106.0000000000
dataset: data/sbm_2000_2000_2000_2000_2000_2000_2000_2000
time: 896 msec
accuracy: 0.8445625000
