loop: 3
cost: 170073.0000000000
dataset: data/sbm_1000_1000_1000_1000_1000_1000_1000_1000
time: 485 msec
accuracy: 0.7091250000
