loop: 3
cost: 288299.0000000000
dataset: data/sbm_2000_2000_2000_2000_2000_2000_2000_2000
time: 1295 msec
accuracy: 0.8449375000
