loop: 3
cost: 169689.0000000000
dataset: data/sbm_1000_1000_1000_1000_1000_1000_1000_1000
time: 480 msec
accuracy: 0.7020000000
