loop: 2
cost: 122016.0000000000
dataset: data/sbm_1000_1000_1000_1000_1000_1000_1000_1000
time: 338 msec
accuracy: 0.8521250000
