loop: 2
cost: 384025.0000000000
dataset: data/sbm_2000_2000_2000_2000_2000_2000_2000_2000
time: 904 msec
accuracy: 0.7073125000
