loop: 2
cost: 297220.0000000000
dataset: data/sbm_1000_1000_1000_1000_1000_1000_1000_1000_1000_1000_1000_1000_1000_1000_1000_1000
time: 2522 msec
accuracy: 0.7675625000
