loop: 2
cost: 392754.0000000000
dataset: data/sbm_2000_2000_2000_2000_2000_2000_2000_2000
time: 913 msec
accuracy: 0.7175625000
