loop: 4
cost: 76589.0000000000
dataset: data/sbm_1000_1000_1000_1000_1000_1000_1000_1000
time: 634 msec
accuracy: 1.0000000000
