loop: 3
cost: 385734.0000000000
dataset: data/sbm_2000_2000_2000_2000_2000_2000_2000_2000
time: 1351 msec
accuracy: 0.7086250000
