loop: 3
cost: 343215.0000000000
dataset: data/sbm_1000_1000_1000_1000_1000_1000_1000_1000_1000_1000_1000_1000_1000_1000_1000_1000
time: 3380 msec
accuracy: 0.7038750000
