loop: 2
cost: 297243.0000000000
dataset: data/sbm_1000_1000_1000_1000_1000_1000_1000_1000_1000_1000_1000_1000_1000_1000_1000_1000
time: 2483 msec
accuracy: 0.7833125000
