loop: 3
cost: 299084.0000000000
dataset: data/sbm_1000_1000_1000_1000_1000_1000_1000_1000_1000_1000_1000_1000_1000_1000_1000_1000
time: 3066 msec
accuracy: 0.7716250000
