loop: 2
cost: 344926.0000000000
dataset: data/sbm_1000_1000_1000_1000_1000_1000_1000_1000_1000_1000_1000_1000_1000_1000_1000_1000
time: 2204 msec
accuracy: 0.6975625000
