loop: 3
cost: 385339.0000000000
dataset: data/sbm_2000_2000_2000_2000_2000_2000_2000_2000
time: 1304 msec
accuracy: 0.7093750000
