loop: 2
cost: 387780.0000000000
dataset: data/sbm_2000_2000_2000_2000_2000_2000_2000_2000
time: 919 msec
accuracy: 0.6791250000
