loop: 2
cost: 122942.0000000000
dataset: data/sbm_1000_1000_1000_1000_1000_1000_1000_1000
time: 339 msec
accuracy: 0.8413750000
