loop: 3
cost: 126122.0000000000
dataset: data/sbm_1000_1000_1000_1000_1000_1000_1000_1000
time: 490 msec
accuracy: 0.8532500000
