loop: 3
cost: 185367.0000000000
dataset: data/sbm_2000_2000_2000_2000_2000_2000_2000_2000
time: 1315 msec
accuracy: 0.9999375000
