loop: 2
cost: 297066.0000000000
dataset: data/sbm_1000_1000_1000_1000_1000_1000_1000_1000_1000_1000_1000_1000_1000_1000_1000_1000
time: 2467 msec
accuracy: 0.7653750000
