loop: 3
cost: 198078.0000000000
dataset: data/sbm_1000_1000_1000_1000_1000_1000_1000_1000_1000_1000_1000_1000_1000_1000_1000_1000
time: 3389 msec
accuracy: 0.9204375000
