loop: 2
cost: 391747.0000000000
dataset: data/sbm_2000_2000_2000_2000_2000_2000_2000_2000
time: 1195 msec
accuracy: 0.7145625000
