loop: 3
cost: 345027.0000000000
dataset: data/sbm_1000_1000_1000_1000_1000_1000_1000_1000_1000_1000_1000_1000_1000_1000_1000_1000
time: 3590 msec
accuracy: 0.7051250000
