loop: 3
cost: 380517.0000000000
dataset: data/sbm_2000_2000_2000_2000_2000_2000_2000_2000
time: 1328 msec
accuracy: 0.7130000000
