loop: 2
cost: 125867.0000000000
dataset: data/sbm_1000_1000_1000_1000_1000_1000_1000_1000
time: 336 msec
accuracy: 0.8551250000
