loop: 3
cost: 286659.0000000000
dataset: data/sbm_2000_2000_2000_2000_2000_2000_2000_2000
time: 1642 msec
accuracy: 0.8452500000
