loop: 2
cost: 124404.0000000000
dataset: data/sbm_1000_1000_1000_1000_1000_1000_1000_1000
time: 339 msec
accuracy: 0.8470000000
