loop: 3
cost: 173870.0000000000
dataset: data/sbm_1000_1000_1000_1000_1000_1000_1000_1000
time: 486 msec
accuracy: 0.7032500000
