loop: 3
cost: 284254.0000000000
dataset: data/sbm_2000_2000_2000_2000_2000_2000_2000_2000
time: 1321 msec
accuracy: 0.8418750000
