loop: 4
cost: 249669.0000000000
dataset: data/sbm_1000_1000_1000_1000_1000_1000_1000_1000_1000_1000_1000_1000_1000_1000_1000_1000
time: 4163 msec
accuracy: 0.8513750000
