loop: 3
cost: 290840.0000000000
dataset: data/sbm_1000_1000_1000_1000_1000_1000_1000_1000_1000_1000_1000_1000_1000_1000_1000_1000
time: 3693 msec
accuracy: 0.7760625000
