loop: 2
cost: 349355.0000000000
dataset: data/sbm_1000_1000_1000_1000_1000_1000_1000_1000_1000_1000_1000_1000_1000_1000_1000_1000
time: 2481 msec
accuracy: 0.7145625000
