loop: 4
cost: 244326.0000000000
dataset: data/sbm_1000_1000_1000_1000_1000_1000_1000_1000_1000_1000_1000_1000_1000_1000_1000_1000
time: 4316 msec
accuracy: 0.8413125000
