loop: 3
cost: 122635.0000000000
dataset: data/sbm_1000_1000_1000_1000_1000_1000_1000_1000
time: 491 msec
accuracy: 0.8490000000
