loop: 3
cost: 386668.0000000000
dataset: data/sbm_2000_2000_2000_2000_2000_2000_2000_2000
time: 1274 msec
accuracy: 0.7199375000
