loop: 2
cost: 199115.0000000000
dataset: data/sbm_1000_1000_1000_1000_1000_1000_1000_1000_1000_1000_1000_1000_1000_1000_1000_1000
time: 2490 msec
accuracy: 0.9296875000
