loop: 2
cost: 184615.0000000000
dataset: data/sbm_2000_2000_2000_2000_2000_2000_2000_2000
time: 922 msec
accuracy: 0.9999375000
