loop: 6
cost: 172941.0000000000
dataset: data/sbm_1000_1000_1000_1000_1000_1000_1000_1000
time: 931 msec
accuracy: 0.7178750000
