loop: 2
cost: 296282.0000000000
dataset: data/sbm_1000_1000_1000_1000_1000_1000_1000_1000_1000_1000_1000_1000_1000_1000_1000_1000
time: 2681 msec
accuracy: 0.7810000000
