loop: 2
cost: 284464.0000000000
dataset: data/sbm_2000_2000_2000_2000_2000_2000_2000_2000
time: 1030 msec
accuracy: 0.8536875000
