loop: 2
cost: 124157.0000000000
dataset: data/sbm_1000_1000_1000_1000_1000_1000_1000_1000
time: 346 msec
accuracy: 0.8450000000
