loop: 3
cost: 383766.0000000000
dataset: data/sbm_2000_2000_2000_2000_2000_2000_2000_2000
time: 1299 msec
accuracy: 0.7133125000
