loop: 2
cost: 286353.0000000000
dataset: data/sbm_2000_2000_2000_2000_2000_2000_2000_2000
time: 907 msec
accuracy: 0.8596875000
