loop: 2
cost: 346421.0000000000
dataset: data/sbm_1000_1000_1000_1000_1000_1000_1000_1000_1000_1000_1000_1000_1000_1000_1000_1000
time: 2514 msec
accuracy: 0.6994375000
