loop: 2
cost: 390681.0000000000
dataset: data/sbm_2000_2000_2000_2000_2000_2000_2000_2000
time: 877 msec
accuracy: 0.7115000000
