loop: 2
cost: 219842.0000000000
dataset: data/sbm_1000_1000_1000_1000_1000_1000_1000_1000
time: 344 msec
accuracy: 0.5601250000
