loop: 4
cost: 246981.0000000000
dataset: data/sbm_1000_1000_1000_1000_1000_1000_1000_1000_1000_1000_1000_1000_1000_1000_1000_1000
time: 4470 msec
accuracy: 0.8584375000
