loop: 2
cost: 281251.0000000000
dataset: data/sbm_2000_2000_2000_2000_2000_2000_2000_2000
time: 923 msec
accuracy: 0.8545625000
