loop: 3
cost: 384221.0000000000
dataset: data/sbm_2000_2000_2000_2000_2000_2000_2000_2000
time: 1311 msec
accuracy: 0.7006875000
