loop: 6
cost: 382791.0000000000
dataset: data/sbm_2000_2000_2000_2000_2000_2000_2000_2000
time: 2587 msec
accuracy: 0.7179375000
