loop: 3
cost: 244199.0000000000
dataset: data/sbm_1000_1000_1000_1000_1000_1000_1000_1000_1000_1000_1000_1000_1000_1000_1000_1000
time: 3391 msec
accuracy: 0.8471875000
