loop: 2
cost: 123467.0000000000
dataset: data/sbm_1000_1000_1000_1000_1000_1000_1000_1000
time: 365 msec
accuracy: 0.8503750000
