loop: 2
cost: 288020.0000000000
dataset: data/sbm_2000_2000_2000_2000_2000_2000_2000_2000
time: 910 msec
accuracy: 0.8432500000
