loop: 3
cost: 283598.0000000000
dataset: data/sbm_2000_2000_2000_2000_2000_2000_2000_2000
time: 1306 msec
accuracy: 0.8547500000
