loop: 4
cost: 288224.0000000000
dataset: data/sbm_2000_2000_2000_2000_2000_2000_2000_2000
time: 1765 msec
accuracy: 0.8491875000
