loop: 2
cost: 297947.0000000000
dataset: data/sbm_1000_1000_1000_1000_1000_1000_1000_1000_1000_1000_1000_1000_1000_1000_1000_1000
time: 2446 msec
accuracy: 0.7527500000
