loop: 4
cost: 285733.0000000000
dataset: data/sbm_2000_2000_2000_2000_2000_2000_2000_2000
time: 1725 msec
accuracy: 0.8479375000
