loop: 6
cost: 344184.0000000000
dataset: data/sbm_1000_1000_1000_1000_1000_1000_1000_1000_1000_1000_1000_1000_1000_1000_1000_1000
time: 6224 msec
accuracy: 0.6936250000
