loop: 2
cost: 187747.0000000000
dataset: data/sbm_2000_2000_2000_2000_2000_2000_2000_2000
time: 973 msec
accuracy: 0.9999375000
