loop: 3
cost: 245276.0000000000
dataset: data/sbm_1000_1000_1000_1000_1000_1000_1000_1000_1000_1000_1000_1000_1000_1000_1000_1000
time: 3442 msec
accuracy: 0.8521250000
