loop: 4
cost: 295843.0000000000
dataset: data/sbm_1000_1000_1000_1000_1000_1000_1000_1000_1000_1000_1000_1000_1000_1000_1000_1000
time: 4216 msec
accuracy: 0.7814375000
