loop: 5
cost: 284818.0000000000
dataset: data/sbm_2000_2000_2000_2000_2000_2000_2000_2000
time: 2343 msec
accuracy: 0.8523125000
