loop: 3
cost: 75985.0000000000
dataset: data/sbm_1000_1000_1000_1000_1000_1000_1000_1000
time: 529 msec
accuracy: 1.0000000000
