loop: 2
cost: 173026.0000000000
dataset: data/sbm_1000_1000_1000_1000_1000_1000_1000_1000
time: 342 msec
accuracy: 0.6152500000
