loop: 2
cost: 249427.0000000000
dataset: data/sbm_1000_1000_1000_1000_1000_1000_1000_1000_1000_1000_1000_1000_1000_1000_1000_1000
time: 2469 msec
accuracy: 0.8489375000
