loop: 2
cost: 171404.0000000000
dataset: data/sbm_1000_1000_1000_1000_1000_1000_1000_1000
time: 341 msec
accuracy: 0.7060000000
