loop: 2
cost: 170380.0000000000
dataset: data/sbm_1000_1000_1000_1000_1000_1000_1000_1000
time: 335 msec
accuracy: 0.7092500000
