loop: 5
cost: 121887.0000000000
dataset: data/sbm_1000_1000_1000_1000_1000_1000_1000_1000
time: 790 msec
accuracy: 0.8388750000
