loop: 5
cost: 394926.0000000000
dataset: data/sbm_1000_1000_1000_1000_1000_1000_1000_1000_1000_1000_1000_1000_1000_1000_1000_1000
time: 5224 msec
accuracy: 0.6217500000
