loop: 2
cost: 121250.0000000000
dataset: data/sbm_1000_1000_1000_1000_1000_1000_1000_1000
time: 340 msec
accuracy: 0.8471250000
