loop: 2
cost: 126899.0000000000
dataset: data/sbm_1000_1000_1000_1000_1000_1000_1000_1000
time: 342 msec
accuracy: 0.8473750000
