loop: 3
cost: 173195.0000000000
dataset: data/sbm_1000_1000_1000_1000_1000_1000_1000_1000
time: 489 msec
accuracy: 0.6877500000
