loop: 3
cost: 283251.0000000000
dataset: data/sbm_2000_2000_2000_2000_2000_2000_2000_2000
time: 1312 msec
accuracy: 0.8515000000
