loop: 3
cost: 124121.0000000000
dataset: data/sbm_1000_1000_1000_1000_1000_1000_1000_1000
time: 484 msec
accuracy: 0.8505000000
