loop: 4
cost: 385702.0000000000
dataset: data/sbm_2000_2000_2000_2000_2000_2000_2000_2000
time: 1977 msec
accuracy: 0.7083750000
