loop: 2
cost: 288507.0000000000
dataset: data/sbm_2000_2000_2000_2000_2000_2000_2000_2000
time: 933 msec
accuracy: 0.8442500000
