loop: 3
cost: 243491.0000000000
dataset: data/sbm_1000_1000_1000_1000_1000_1000_1000_1000_1000_1000_1000_1000_1000_1000_1000_1000
time: 3420 msec
accuracy: 0.8511875000
