loop: 4
cost: 297996.0000000000
dataset: data/sbm_1000_1000_1000_1000_1000_1000_1000_1000_1000_1000_1000_1000_1000_1000_1000_1000
time: 4334 msec
accuracy: 0.7747500000
