loop: 2
cost: 484785.0000000000
dataset: data/sbm_2000_2000_2000_2000_2000_2000_2000_2000
time: 914 msec
accuracy: 0.5555625000
