loop: 3
cost: 283397.0000000000
dataset: data/sbm_2000_2000_2000_2000_2000_2000_2000_2000
time: 1442 msec
accuracy: 0.8533750000
