loop: 3
cost: 123514.0000000000
dataset: data/sbm_1000_1000_1000_1000_1000_1000_1000_1000
time: 495 msec
accuracy: 0.8548750000
