loop: 3
cost: 171716.0000000000
dataset: data/sbm_1000_1000_1000_1000_1000_1000_1000_1000
time: 691 msec
accuracy: 0.6787500000
