loop: 2
cost: 76331.0000000000
dataset: data/sbm_1000_1000_1000_1000_1000_1000_1000_1000
time: 344 msec
accuracy: 1.0000000000
