loop: 5
cost: 386198.0000000000
dataset: data/sbm_1000_1000_1000_1000_1000_1000_1000_1000_1000_1000_1000_1000_1000_1000_1000_1000
time: 5300 msec
accuracy: 0.5882500000
