loop: 5
cost: 171816.0000000000
dataset: data/sbm_1000_1000_1000_1000_1000_1000_1000_1000
time: 782 msec
accuracy: 0.6988750000
