loop: 2
cost: 282237.0000000000
dataset: data/sbm_2000_2000_2000_2000_2000_2000_2000_2000
time: 918 msec
accuracy: 0.8415000000
