loop: 2
cost: 389227.0000000000
dataset: data/sbm_2000_2000_2000_2000_2000_2000_2000_2000
time: 880 msec
accuracy: 0.7093125000
