loop: 2
cost: 170115.0000000000
dataset: data/sbm_1000_1000_1000_1000_1000_1000_1000_1000
time: 338 msec
accuracy: 0.7067500000
