loop: 3
cost: 75889.0000000000
dataset: data/sbm_1000_1000_1000_1000_1000_1000_1000_1000
time: 488 msec
accuracy: 1.0000000000
