loop: 2
cost: 287889.0000000000
dataset: data/sbm_2000_2000_2000_2000_2000_2000_2000_2000
time: 926 msec
accuracy: 0.8473125000
