loop: 3
cost: 344162.0000000000
dataset: data/sbm_1000_1000_1000_1000_1000_1000_1000_1000_1000_1000_1000_1000_1000_1000_1000_1000
time: 3413 msec
accuracy: 0.7065625000
