loop: 2
cost: 385157.0000000000
dataset: data/sbm_2000_2000_2000_2000_2000_2000_2000_2000
time: 916 msec
accuracy: 0.7056250000
