loop: 2
cost: 249966.0000000000
dataset: data/sbm_1000_1000_1000_1000_1000_1000_1000_1000_1000_1000_1000_1000_1000_1000_1000_1000
time: 2181 msec
accuracy: 0.8523125000
