loop: 3
cost: 172086.0000000000
dataset: data/sbm_1000_1000_1000_1000_1000_1000_1000_1000
time: 493 msec
accuracy: 0.7038750000
