loop: 2
cost: 286649.0000000000
dataset: data/sbm_2000_2000_2000_2000_2000_2000_2000_2000
time: 901 msec
accuracy: 0.8516875000
