loop: 2
cost: 381447.0000000000
dataset: data/sbm_2000_2000_2000_2000_2000_2000_2000_2000
time: 936 msec
accuracy: 0.7174375000
