loop: 3
cost: 183931.0000000000
dataset: data/sbm_2000_2000_2000_2000_2000_2000_2000_2000
time: 1308 msec
accuracy: 0.9999375000
