loop: 3
cost: 247056.0000000000
dataset: data/sbm_1000_1000_1000_1000_1000_1000_1000_1000_1000_1000_1000_1000_1000_1000_1000_1000
time: 3384 msec
accuracy: 0.8483750000
