loop: 3
cost: 74387.0000000000
dataset: data/sbm_1000_1000_1000_1000_1000_1000_1000_1000
time: 536 msec
accuracy: 1.0000000000
