loop: 3
cost: 280874.0000000000
dataset: data/sbm_2000_2000_2000_2000_2000_2000_2000_2000
time: 1313 msec
accuracy: 0.8457500000
