loop: 3
cost: 282758.0000000000
dataset: data/sbm_2000_2000_2000_2000_2000_2000_2000_2000
time: 1304 msec
accuracy: 0.8403125000
