loop: 3
cost: 341484.0000000000
dataset: data/sbm_1000_1000_1000_1000_1000_1000_1000_1000_1000_1000_1000_1000_1000_1000_1000_1000
time: 3432 msec
accuracy: 0.7015625000
