loop: 3
cost: 246635.0000000000
dataset: data/sbm_1000_1000_1000_1000_1000_1000_1000_1000_1000_1000_1000_1000_1000_1000_1000_1000
time: 3349 msec
accuracy: 0.8456875000
