loop: 2
cost: 287953.0000000000
dataset: data/sbm_2000_2000_2000_2000_2000_2000_2000_2000
time: 930 msec
accuracy: 0.8456250000
