loop: 3
cost: 171584.0000000000
dataset: data/sbm_1000_1000_1000_1000_1000_1000_1000_1000
time: 512 msec
accuracy: 0.7126250000
