loop: 2
cost: 384533.0000000000
dataset: data/sbm_2000_2000_2000_2000_2000_2000_2000_2000
time: 855 msec
accuracy: 0.7365625000
