loop: 3
cost: 172042.0000000000
dataset: data/sbm_1000_1000_1000_1000_1000_1000_1000_1000
time: 491 msec
accuracy: 0.7110000000
