loop: 3
cost: 169990.0000000000
dataset: data/sbm_1000_1000_1000_1000_1000_1000_1000_1000
time: 490 msec
accuracy: 0.6658750000
