loop: 3
cost: 394391.0000000000
dataset: data/sbm_1000_1000_1000_1000_1000_1000_1000_1000_1000_1000_1000_1000_1000_1000_1000_1000
time: 3458 msec
accuracy: 0.6243125000
