loop: 2
cost: 77160.0000000000
dataset: data/sbm_1000_1000_1000_1000_1000_1000_1000_1000
time: 341 msec
accuracy: 1.0000000000
