loop: 3
cost: 346684.0000000000
dataset: data/sbm_1000_1000_1000_1000_1000_1000_1000_1000_1000_1000_1000_1000_1000_1000_1000_1000
time: 3455 msec
accuracy: 0.6423125000
