loop: 4
cost: 294206.0000000000
dataset: data/sbm_1000_1000_1000_1000_1000_1000_1000_1000_1000_1000_1000_1000_1000_1000_1000_1000
time: 4322 msec
accuracy: 0.7738125000
