loop: 4
cost: 168973.0000000000
dataset: data/sbm_1000_1000_1000_1000_1000_1000_1000_1000
time: 644 msec
accuracy: 0.6997500000
