loop: 2
cost: 289450.0000000000
dataset: data/sbm_2000_2000_2000_2000_2000_2000_2000_2000
time: 924 msec
accuracy: 0.8558125000
