loop: 2
cost: 388464.0000000000
dataset: data/sbm_2000_2000_2000_2000_2000_2000_2000_2000
time: 904 msec
accuracy: 0.7018750000
