loop: 3
cost: 385904.0000000000
dataset: data/sbm_2000_2000_2000_2000_2000_2000_2000_2000
time: 1365 msec
accuracy: 0.6928125000
