loop: 3
cost: 169723.0000000000
dataset: data/sbm_1000_1000_1000_1000_1000_1000_1000_1000
time: 497 msec
accuracy: 0.7191250000
