loop: 4
cost: 185003.0000000000
dataset: data/sbm_2000_2000_2000_2000_2000_2000_2000_2000
time: 1756 msec
accuracy: 0.9999375000
