loop: 3
cost: 340191.0000000000
dataset: data/sbm_1000_1000_1000_1000_1000_1000_1000_1000_1000_1000_1000_1000_1000_1000_1000_1000
time: 3424 msec
accuracy: 0.6678750000
