loop: 3
cost: 284009.0000000000
dataset: data/sbm_2000_2000_2000_2000_2000_2000_2000_2000
time: 1433 msec
accuracy: 0.8516875000
