loop: 4
cost: 382826.0000000000
dataset: data/sbm_2000_2000_2000_2000_2000_2000_2000_2000
time: 1710 msec
accuracy: 0.7170625000
