loop: 3
cost: 291843.0000000000
dataset: data/sbm_1000_1000_1000_1000_1000_1000_1000_1000_1000_1000_1000_1000_1000_1000_1000_1000
time: 3378 msec
accuracy: 0.7838750000
