loop: 5
cost: 285133.0000000000
dataset: data/sbm_2000_2000_2000_2000_2000_2000_2000_2000
time: 2154 msec
accuracy: 0.8400625000
