loop: 4
cost: 122981.0000000000
dataset: data/sbm_1000_1000_1000_1000_1000_1000_1000_1000
time: 632 msec
accuracy: 0.8501250000
