loop: 3
cost: 172203.0000000000
dataset: data/sbm_1000_1000_1000_1000_1000_1000_1000_1000
time: 565 msec
accuracy: 0.6927500000
