loop: 2
cost: 294223.0000000000
dataset: data/sbm_1000_1000_1000_1000_1000_1000_1000_1000_1000_1000_1000_1000_1000_1000_1000_1000
time: 2427 msec
accuracy: 0.7811250000
