loop: 5
cost: 338772.0000000000
dataset: data/sbm_1000_1000_1000_1000_1000_1000_1000_1000_1000_1000_1000_1000_1000_1000_1000_1000
time: 5296 msec
accuracy: 0.7012500000
