loop: 2
cost: 295051.0000000000
dataset: data/sbm_1000_1000_1000_1000_1000_1000_1000_1000_1000_1000_1000_1000_1000_1000_1000_1000
time: 2150 msec
accuracy: 0.7188750000
