loop: 4
cost: 286377.0000000000
dataset: data/sbm_2000_2000_2000_2000_2000_2000_2000_2000
time: 1744 msec
accuracy: 0.8450000000
