loop: 2
cost: 73153.0000000000
dataset: data/sbm_1000_1000_1000_1000_1000_1000_1000_1000
time: 355 msec
accuracy: 1.0000000000
