loop: 3
cost: 295145.0000000000
dataset: data/sbm_1000_1000_1000_1000_1000_1000_1000_1000_1000_1000_1000_1000_1000_1000_1000_1000
time: 2945 msec
accuracy: 0.7195625000
