loop: 3
cost: 249288.0000000000
dataset: data/sbm_1000_1000_1000_1000_1000_1000_1000_1000_1000_1000_1000_1000_1000_1000_1000_1000
time: 3359 msec
accuracy: 0.8521875000
