loop: 2
cost: 389203.0000000000
dataset: data/sbm_2000_2000_2000_2000_2000_2000_2000_2000
time: 923 msec
accuracy: 0.7071250000
