loop: 3
cost: 122898.0000000000
dataset: data/sbm_1000_1000_1000_1000_1000_1000_1000_1000
time: 486 msec
accuracy: 0.8428750000
