loop: 2
cost: 250900.0000000000
dataset: data/sbm_1000_1000_1000_1000_1000_1000_1000_1000_1000_1000_1000_1000_1000_1000_1000_1000
time: 2266 msec
accuracy: 0.8508125000
