loop: 2
cost: 171742.0000000000
dataset: data/sbm_1000_1000_1000_1000_1000_1000_1000_1000
time: 340 msec
accuracy: 0.6978750000
