loop: 2
cost: 173998.0000000000
dataset: data/sbm_1000_1000_1000_1000_1000_1000_1000_1000
time: 337 msec
accuracy: 0.6986250000
