loop: 2
cost: 444355.0000000000
dataset: data/sbm_1000_1000_1000_1000_1000_1000_1000_1000_1000_1000_1000_1000_1000_1000_1000_1000
time: 2473 msec
accuracy: 0.5226875000
