loop: 3
cost: 200742.0000000000
dataset: data/sbm_1000_1000_1000_1000_1000_1000_1000_1000_1000_1000_1000_1000_1000_1000_1000_1000
time: 3130 msec
accuracy: 0.9268125000
