loop: 4
cost: 246828.0000000000
dataset: data/sbm_1000_1000_1000_1000_1000_1000_1000_1000_1000_1000_1000_1000_1000_1000_1000_1000
time: 4218 msec
accuracy: 0.8425625000
