loop: 4
cost: 124952.0000000000
dataset: data/sbm_1000_1000_1000_1000_1000_1000_1000_1000
time: 626 msec
accuracy: 0.8486250000
