loop: 6
cost: 477984.0000000000
dataset: data/sbm_2000_2000_2000_2000_2000_2000_2000_2000
time: 2518 msec
accuracy: 0.5651250000
