loop: 3
cost: 294426.0000000000
dataset: data/sbm_1000_1000_1000_1000_1000_1000_1000_1000_1000_1000_1000_1000_1000_1000_1000_1000
time: 3446 msec
accuracy: 0.7604375000
