loop: 2
cost: 176200.0000000000
dataset: data/sbm_1000_1000_1000_1000_1000_1000_1000_1000
time: 338 msec
accuracy: 0.6938750000
