loop: 2
cost: 248789.0000000000
dataset: data/sbm_1000_1000_1000_1000_1000_1000_1000_1000_1000_1000_1000_1000_1000_1000_1000_1000
time: 2472 msec
accuracy: 0.8566875000
