loop: 5
cost: 249066.0000000000
dataset: data/sbm_1000_1000_1000_1000_1000_1000_1000_1000_1000_1000_1000_1000_1000_1000_1000_1000
time: 5270 msec
accuracy: 0.8473750000
