loop: 3
cost: 286295.0000000000
dataset: data/sbm_2000_2000_2000_2000_2000_2000_2000_2000
time: 1337 msec
accuracy: 0.8594375000
