loop: 2
cost: 246752.0000000000
dataset: data/sbm_1000_1000_1000_1000_1000_1000_1000_1000_1000_1000_1000_1000_1000_1000_1000_1000
time: 2492 msec
accuracy: 0.8517500000
