loop: 2
cost: 123417.0000000000
dataset: data/sbm_1000_1000_1000_1000_1000_1000_1000_1000
time: 559 msec
accuracy: 0.8547500000
