loop: 4
cost: 124026.0000000000
dataset: data/sbm_1000_1000_1000_1000_1000_1000_1000_1000
time: 634 msec
accuracy: 0.8421250000
