loop: 4
cost: 383813.0000000000
dataset: data/sbm_2000_2000_2000_2000_2000_2000_2000_2000
time: 1738 msec
accuracy: 0.7005625000
