loop: 2
cost: 345714.0000000000
dataset: data/sbm_1000_1000_1000_1000_1000_1000_1000_1000_1000_1000_1000_1000_1000_1000_1000_1000
time: 2536 msec
accuracy: 0.7080000000
