loop: 4
cost: 389128.0000000000
dataset: data/sbm_2000_2000_2000_2000_2000_2000_2000_2000
time: 1734 msec
accuracy: 0.5870625000
