loop: 4
cost: 124336.0000000000
dataset: data/sbm_1000_1000_1000_1000_1000_1000_1000_1000
time: 621 msec
accuracy: 0.8291250000
