loop: 2
cost: 286005.0000000000
dataset: data/sbm_2000_2000_2000_2000_2000_2000_2000_2000
time: 895 msec
accuracy: 0.8510000000
