loop: 3
cost: 248888.0000000000
dataset: data/sbm_1000_1000_1000_1000_1000_1000_1000_1000_1000_1000_1000_1000_1000_1000_1000_1000
time: 3406 msec
accuracy: 0.8425625000
