loop: 3
cost: 76143.0000000000
dataset: data/sbm_1000_1000_1000_1000_1000_1000_1000_1000
time: 482 msec
accuracy: 1.0000000000
