loop: 4
cost: 286487.0000000000
dataset: data/sbm_2000_2000_2000_2000_2000_2000_2000_2000
time: 1726 msec
accuracy: 0.8483750000
