loop: 2
cost: 300246.0000000000
dataset: data/sbm_1000_1000_1000_1000_1000_1000_1000_1000_1000_1000_1000_1000_1000_1000_1000_1000
time: 2495 msec
accuracy: 0.7723750000
