loop: 3
cost: 296124.0000000000
dataset: data/sbm_1000_1000_1000_1000_1000_1000_1000_1000_1000_1000_1000_1000_1000_1000_1000_1000
time: 3388 msec
accuracy: 0.7718125000
