loop: 2
cost: 342853.0000000000
dataset: data/sbm_1000_1000_1000_1000_1000_1000_1000_1000_1000_1000_1000_1000_1000_1000_1000_1000
time: 2445 msec
accuracy: 0.7106875000
