loop: 3
cost: 288461.0000000000
dataset: data/sbm_2000_2000_2000_2000_2000_2000_2000_2000
time: 1322 msec
accuracy: 0.8566875000
