loop: 3
cost: 385690.0000000000
dataset: data/sbm_2000_2000_2000_2000_2000_2000_2000_2000
time: 1299 msec
accuracy: 0.6940625000
