loop: 2
cost: 186187.0000000000
dataset: data/sbm_2000_2000_2000_2000_2000_2000_2000_2000
time: 917 msec
accuracy: 0.9999375000
