loop: 4
cost: 172710.0000000000
dataset: data/sbm_1000_1000_1000_1000_1000_1000_1000_1000
time: 642 msec
accuracy: 0.7093750000
