loop: 7
cost: 283763.0000000000
dataset: data/sbm_2000_2000_2000_2000_2000_2000_2000_2000
time: 2849 msec
accuracy: 0.8574375000
