loop: 3
cost: 202593.0000000000
dataset: data/sbm_1000_1000_1000_1000_1000_1000_1000_1000_1000_1000_1000_1000_1000_1000_1000_1000
time: 3351 msec
accuracy: 0.9238125000
