loop: 2
cost: 282217.0000000000
dataset: data/sbm_2000_2000_2000_2000_2000_2000_2000_2000
time: 926 msec
accuracy: 0.8480625000
