loop: 2
cost: 295138.0000000000
dataset: data/sbm_1000_1000_1000_1000_1000_1000_1000_1000_1000_1000_1000_1000_1000_1000_1000_1000
time: 2401 msec
accuracy: 0.7725625000
