loop: 2
cost: 296534.0000000000
dataset: data/sbm_1000_1000_1000_1000_1000_1000_1000_1000_1000_1000_1000_1000_1000_1000_1000_1000
time: 2533 msec
accuracy: 0.7710000000
