loop: 3
cost: 170522.0000000000
dataset: data/sbm_1000_1000_1000_1000_1000_1000_1000_1000
time: 498 msec
accuracy: 0.6987500000
