loop: 3
cost: 287435.0000000000
dataset: data/sbm_2000_2000_2000_2000_2000_2000_2000_2000
time: 1291 msec
accuracy: 0.8559375000
