loop: 2
cost: 123440.0000000000
dataset: data/sbm_1000_1000_1000_1000_1000_1000_1000_1000
time: 773 msec
accuracy: 0.8483750000
