loop: 5
cost: 123599.0000000000
dataset: data/sbm_1000_1000_1000_1000_1000_1000_1000_1000
time: 1887 msec
accuracy: 0.8380000000
