loop: 2
cost: 298975.0000000000
dataset: data/sbm_1000_1000_1000_1000_1000_1000_1000_1000_1000_1000_1000_1000_1000_1000_1000_1000
time: 1820 msec
accuracy: 0.7933750000
