loop: 4
cost: 124105.0000000000
dataset: data/sbm_1000_1000_1000_1000_1000_1000_1000_1000
time: 1512 msec
accuracy: 0.8313750000
