loop: 6
cost: 280271.0000000000
dataset: data/sbm_2000_2000_2000_2000_2000_2000_2000_2000
time: 4660 msec
accuracy: 0.8633125000
