loop: 2
cost: 123715.0000000000
dataset: data/sbm_1000_1000_1000_1000_1000_1000_1000_1000
time: 786 msec
accuracy: 0.8288750000
