loop: 2
cost: 300103.0000000000
dataset: data/sbm_1000_1000_1000_1000_1000_1000_1000_1000_1000_1000_1000_1000_1000_1000_1000_1000
time: 1814 msec
accuracy: 0.7513125000
