loop: 5
cost: 379876.0000000000
dataset: data/sbm_2000_2000_2000_2000_2000_2000_2000_2000
time: 4018 msec
accuracy: 0.6920000000
