loop: 4
cost: 287443.0000000000
dataset: data/sbm_2000_2000_2000_2000_2000_2000_2000_2000
time: 3210 msec
accuracy: 0.8499375000
