loop: 4
cost: 172745.0000000000
dataset: data/sbm_1000_1000_1000_1000_1000_1000_1000_1000
time: 1548 msec
accuracy: 0.7238750000
