loop: 3
cost: 287752.0000000000
dataset: data/sbm_2000_2000_2000_2000_2000_2000_2000_2000
time: 2432 msec
accuracy: 0.8226875000
