loop: 3
cost: 381247.0000000000
dataset: data/sbm_2000_2000_2000_2000_2000_2000_2000_2000
time: 2369 msec
accuracy: 0.7047500000
