loop: 3
cost: 388233.0000000000
dataset: data/sbm_1000_1000_1000_1000_1000_1000_1000_1000_1000_1000_1000_1000_1000_1000_1000_1000
time: 2678 msec
accuracy: 0.5491875000
