loop: 2
cost: 122584.0000000000
dataset: data/sbm_1000_1000_1000_1000_1000_1000_1000_1000
time: 783 msec
accuracy: 0.8375000000
