loop: 3
cost: 247684.0000000000
dataset: data/sbm_1000_1000_1000_1000_1000_1000_1000_1000_1000_1000_1000_1000_1000_1000_1000_1000
time: 2936 msec
accuracy: 0.8582500000
