loop: 4
cost: 124734.0000000000
dataset: data/sbm_1000_1000_1000_1000_1000_1000_1000_1000
time: 1556 msec
accuracy: 0.8466250000
