loop: 3
cost: 284142.0000000000
dataset: data/sbm_2000_2000_2000_2000_2000_2000_2000_2000
time: 2397 msec
accuracy: 0.8525625000
