loop: 4
cost: 288721.0000000000
dataset: data/sbm_2000_2000_2000_2000_2000_2000_2000_2000
time: 3650 msec
accuracy: 0.8349375000
