loop: 2
cost: 383190.0000000000
dataset: data/sbm_2000_2000_2000_2000_2000_2000_2000_2000
time: 1592 msec
accuracy: 0.6950000000
