loop: 4
cost: 200924.0000000000
dataset: data/sbm_1000_1000_1000_1000_1000_1000_1000_1000_1000_1000_1000_1000_1000_1000_1000_1000
time: 3613 msec
accuracy: 0.9132500000
