loop: 3
cost: 387674.0000000000
dataset: data/sbm_1000_1000_1000_1000_1000_1000_1000_1000_1000_1000_1000_1000_1000_1000_1000_1000
time: 2717 msec
accuracy: 0.6390000000
