loop: 6
cost: 282071.0000000000
dataset: data/sbm_2000_2000_2000_2000_2000_2000_2000_2000
time: 4635 msec
accuracy: 0.8273125000
