loop: 4
cost: 123041.0000000000
dataset: data/sbm_1000_1000_1000_1000_1000_1000_1000_1000
time: 1509 msec
accuracy: 0.8316250000
