loop: 3
cost: 172120.0000000000
dataset: data/sbm_1000_1000_1000_1000_1000_1000_1000_1000
time: 1165 msec
accuracy: 0.6460000000
