loop: 3
cost: 295861.0000000000
dataset: data/sbm_1000_1000_1000_1000_1000_1000_1000_1000_1000_1000_1000_1000_1000_1000_1000_1000
time: 2752 msec
accuracy: 0.7696875000
