loop: 2
cost: 289404.0000000000
dataset: data/sbm_2000_2000_2000_2000_2000_2000_2000_2000
time: 1633 msec
accuracy: 0.8383125000
