loop: 2
cost: 287398.0000000000
dataset: data/sbm_2000_2000_2000_2000_2000_2000_2000_2000
time: 1606 msec
accuracy: 0.8246250000
