loop: 2
cost: 247522.0000000000
dataset: data/sbm_1000_1000_1000_1000_1000_1000_1000_1000_1000_1000_1000_1000_1000_1000_1000_1000
time: 1822 msec
accuracy: 0.8433750000
