loop: 2
cost: 288394.0000000000
dataset: data/sbm_2000_2000_2000_2000_2000_2000_2000_2000
time: 1596 msec
accuracy: 0.8502500000
