loop: 3
cost: 287194.0000000000
dataset: data/sbm_2000_2000_2000_2000_2000_2000_2000_2000
time: 2371 msec
accuracy: 0.8438750000
