loop: 2
cost: 283365.0000000000
dataset: data/sbm_2000_2000_2000_2000_2000_2000_2000_2000
time: 1586 msec
accuracy: 0.8294375000
