loop: 4
cost: 386208.0000000000
dataset: data/sbm_2000_2000_2000_2000_2000_2000_2000_2000
time: 3157 msec
accuracy: 0.6773750000
