loop: 2
cost: 347318.0000000000
dataset: data/sbm_1000_1000_1000_1000_1000_1000_1000_1000_1000_1000_1000_1000_1000_1000_1000_1000
time: 1860 msec
accuracy: 0.6976875000
