loop: 3
cost: 286078.0000000000
dataset: data/sbm_2000_2000_2000_2000_2000_2000_2000_2000
time: 2578 msec
accuracy: 0.8575625000
