loop: 9
cost: 75129.0000000000
dataset: data/sbm_1000_1000_1000_1000_1000_1000_1000_1000
time: 3396 msec
accuracy: 0.9997500000
