loop: 2
cost: 297029.0000000000
dataset: data/sbm_1000_1000_1000_1000_1000_1000_1000_1000_1000_1000_1000_1000_1000_1000_1000_1000
time: 1847 msec
accuracy: 0.7928750000
