loop: 5
cost: 188002.0000000000
dataset: data/sbm_2000_2000_2000_2000_2000_2000_2000_2000
time: 3909 msec
accuracy: 0.9997500000
