loop: 3
cost: 124466.0000000000
dataset: data/sbm_1000_1000_1000_1000_1000_1000_1000_1000
time: 1162 msec
accuracy: 0.8513750000
