loop: 2
cost: 122035.0000000000
dataset: data/sbm_1000_1000_1000_1000_1000_1000_1000_1000
time: 765 msec
accuracy: 0.8666250000
