loop: 2
cost: 299042.0000000000
dataset: data/sbm_1000_1000_1000_1000_1000_1000_1000_1000_1000_1000_1000_1000_1000_1000_1000_1000
time: 1980 msec
accuracy: 0.7708750000
