loop: 4
cost: 344953.0000000000
dataset: data/sbm_1000_1000_1000_1000_1000_1000_1000_1000_1000_1000_1000_1000_1000_1000_1000_1000
time: 3560 msec
accuracy: 0.6916250000
