loop: 2
cost: 76976.0000000000
dataset: data/sbm_1000_1000_1000_1000_1000_1000_1000_1000
time: 786 msec
accuracy: 1.0000000000
