loop: 5
cost: 172651.0000000000
dataset: data/sbm_1000_1000_1000_1000_1000_1000_1000_1000
time: 1949 msec
accuracy: 0.6913750000
