loop: 4
cost: 286142.0000000000
dataset: data/sbm_2000_2000_2000_2000_2000_2000_2000_2000
time: 3121 msec
accuracy: 0.8475000000
