loop: 4
cost: 124505.0000000000
dataset: data/sbm_1000_1000_1000_1000_1000_1000_1000_1000
time: 1524 msec
accuracy: 0.8567500000
