loop: 3
cost: 299126.0000000000
dataset: data/sbm_1000_1000_1000_1000_1000_1000_1000_1000_1000_1000_1000_1000_1000_1000_1000_1000
time: 2661 msec
accuracy: 0.7852500000
