loop: 2
cost: 125037.0000000000
dataset: data/sbm_1000_1000_1000_1000_1000_1000_1000_1000
time: 784 msec
accuracy: 0.8541250000
