loop: 2
cost: 251257.0000000000
dataset: data/sbm_1000_1000_1000_1000_1000_1000_1000_1000_1000_1000_1000_1000_1000_1000_1000_1000
time: 2492 msec
accuracy: 0.8436250000
