loop: 3
cost: 287532.0000000000
dataset: data/sbm_2000_2000_2000_2000_2000_2000_2000_2000
time: 2377 msec
accuracy: 0.8527500000
