loop: 6
cost: 76074.0000000000
dataset: data/sbm_1000_1000_1000_1000_1000_1000_1000_1000
time: 2273 msec
accuracy: 0.9996250000
