loop: 2
cost: 199428.0000000000
dataset: data/sbm_1000_1000_1000_1000_1000_1000_1000_1000_1000_1000_1000_1000_1000_1000_1000_1000
time: 2134 msec
accuracy: 0.9258125000
