loop: 2
cost: 289792.0000000000
dataset: data/sbm_2000_2000_2000_2000_2000_2000_2000_2000
time: 1614 msec
accuracy: 0.8505000000
