loop: 3
cost: 296043.0000000000
dataset: data/sbm_1000_1000_1000_1000_1000_1000_1000_1000_1000_1000_1000_1000_1000_1000_1000_1000
time: 2651 msec
accuracy: 0.7705000000
