loop: 3
cost: 344852.0000000000
dataset: data/sbm_1000_1000_1000_1000_1000_1000_1000_1000_1000_1000_1000_1000_1000_1000_1000_1000
time: 2724 msec
accuracy: 0.7161250000
