loop: 2
cost: 171053.0000000000
dataset: data/sbm_1000_1000_1000_1000_1000_1000_1000_1000
time: 792 msec
accuracy: 0.7223750000
