loop: 4
cost: 125527.0000000000
dataset: data/sbm_1000_1000_1000_1000_1000_1000_1000_1000
time: 1531 msec
accuracy: 0.8611250000
