loop: 6
cost: 380352.0000000000
dataset: data/sbm_2000_2000_2000_2000_2000_2000_2000_2000
time: 4641 msec
accuracy: 0.6998750000
