loop: 2
cost: 286763.0000000000
dataset: data/sbm_2000_2000_2000_2000_2000_2000_2000_2000
time: 1630 msec
accuracy: 0.8470625000
