loop: 3
cost: 250519.0000000000
dataset: data/sbm_1000_1000_1000_1000_1000_1000_1000_1000_1000_1000_1000_1000_1000_1000_1000_1000
time: 2729 msec
accuracy: 0.8525000000
