loop: 4
cost: 124770.0000000000
dataset: data/sbm_1000_1000_1000_1000_1000_1000_1000_1000
time: 1527 msec
accuracy: 0.8495000000
