loop: 2
cost: 176089.0000000000
dataset: data/sbm_1000_1000_1000_1000_1000_1000_1000_1000
time: 909 msec
accuracy: 0.6766250000
