loop: 4
cost: 392743.0000000000
dataset: data/sbm_1000_1000_1000_1000_1000_1000_1000_1000_1000_1000_1000_1000_1000_1000_1000_1000
time: 3632 msec
accuracy: 0.5871250000
