loop: 3
cost: 185600.0000000000
dataset: data/sbm_2000_2000_2000_2000_2000_2000_2000_2000
time: 2398 msec
accuracy: 0.9995625000
