loop: 3
cost: 345559.0000000000
dataset: data/sbm_1000_1000_1000_1000_1000_1000_1000_1000_1000_1000_1000_1000_1000_1000_1000_1000
time: 2677 msec
accuracy: 0.6946875000
