loop: 2
cost: 285802.0000000000
dataset: data/sbm_2000_2000_2000_2000_2000_2000_2000_2000
time: 1639 msec
accuracy: 0.8323750000
