loop: 2
cost: 124332.0000000000
dataset: data/sbm_1000_1000_1000_1000_1000_1000_1000_1000
time: 797 msec
accuracy: 0.8491250000
