loop: 2
cost: 387803.0000000000
dataset: data/sbm_2000_2000_2000_2000_2000_2000_2000_2000
time: 1601 msec
accuracy: 0.6814375000
