loop: 3
cost: 394238.0000000000
dataset: data/sbm_1000_1000_1000_1000_1000_1000_1000_1000_1000_1000_1000_1000_1000_1000_1000_1000
time: 2683 msec
accuracy: 0.5893125000
