loop: 3
cost: 393358.0000000000
dataset: data/sbm_1000_1000_1000_1000_1000_1000_1000_1000_1000_1000_1000_1000_1000_1000_1000_1000
time: 2760 msec
accuracy: 0.6144375000
