loop: 4
cost: 75862.0000000000
dataset: data/sbm_1000_1000_1000_1000_1000_1000_1000_1000
time: 1983 msec
accuracy: 0.9998750000
