loop: 4
cost: 122939.0000000000
dataset: data/sbm_1000_1000_1000_1000_1000_1000_1000_1000
time: 1552 msec
accuracy: 0.8633750000
