loop: 4
cost: 166012.0000000000
dataset: data/sbm_1000_1000_1000_1000_1000_1000_1000_1000
time: 1569 msec
accuracy: 0.6671250000
