loop: 4
cost: 200164.0000000000
dataset: data/sbm_1000_1000_1000_1000_1000_1000_1000_1000_1000_1000_1000_1000_1000_1000_1000_1000
time: 3583 msec
accuracy: 0.9246875000
