loop: 3
cost: 296580.0000000000
dataset: data/sbm_1000_1000_1000_1000_1000_1000_1000_1000_1000_1000_1000_1000_1000_1000_1000_1000
time: 2746 msec
accuracy: 0.7765000000
