loop: 5
cost: 125295.0000000000
dataset: data/sbm_1000_1000_1000_1000_1000_1000_1000_1000
time: 2060 msec
accuracy: 0.8501250000
