loop: 2
cost: 487818.0000000000
dataset: data/sbm_2000_2000_2000_2000_2000_2000_2000_2000
time: 1634 msec
accuracy: 0.5707500000
