loop: 3
cost: 387485.0000000000
dataset: data/sbm_2000_2000_2000_2000_2000_2000_2000_2000
time: 2398 msec
accuracy: 0.7040625000
