loop: 2
cost: 389013.0000000000
dataset: data/sbm_2000_2000_2000_2000_2000_2000_2000_2000
time: 1618 msec
accuracy: 0.6971875000
