loop: 2
cost: 174298.0000000000
dataset: data/sbm_1000_1000_1000_1000_1000_1000_1000_1000
time: 789 msec
accuracy: 0.6866250000
