loop: 2
cost: 301868.0000000000
dataset: data/sbm_1000_1000_1000_1000_1000_1000_1000_1000_1000_1000_1000_1000_1000_1000_1000_1000
time: 1924 msec
accuracy: 0.7770625000
