loop: 2
cost: 378494.0000000000
dataset: data/sbm_2000_2000_2000_2000_2000_2000_2000_2000
time: 1628 msec
accuracy: 0.6826250000
