loop: 5
cost: 340508.0000000000
dataset: data/sbm_1000_1000_1000_1000_1000_1000_1000_1000_1000_1000_1000_1000_1000_1000_1000_1000
time: 4417 msec
accuracy: 0.6836250000
