loop: 7
cost: 125307.0000000000
dataset: data/sbm_1000_1000_1000_1000_1000_1000_1000_1000
time: 2669 msec
accuracy: 0.8615000000
