loop: 3
cost: 158367.0000000000
dataset: data/sbm_1000_1000_1000_1000_1000_1000_1000_1000
time: 1148 msec
accuracy: 0.5725000000
