loop: 2
cost: 250180.0000000000
dataset: data/sbm_1000_1000_1000_1000_1000_1000_1000_1000_1000_1000_1000_1000_1000_1000_1000_1000
time: 1901 msec
accuracy: 0.8599375000
