loop: 3
cost: 388780.0000000000
dataset: data/sbm_2000_2000_2000_2000_2000_2000_2000_2000
time: 2355 msec
accuracy: 0.6938750000
