loop: 4
cost: 169753.0000000000
dataset: data/sbm_1000_1000_1000_1000_1000_1000_1000_1000
time: 1510 msec
accuracy: 0.6921250000
