loop: 2
cost: 286193.0000000000
dataset: data/sbm_2000_2000_2000_2000_2000_2000_2000_2000
time: 1665 msec
accuracy: 0.8221875000
