loop: 2
cost: 286508.0000000000
dataset: data/sbm_2000_2000_2000_2000_2000_2000_2000_2000
time: 1668 msec
accuracy: 0.8291250000
