loop: 5
cost: 186705.0000000000
dataset: data/sbm_2000_2000_2000_2000_2000_2000_2000_2000
time: 3887 msec
accuracy: 0.9996250000
