loop: 3
cost: 124123.0000000000
dataset: data/sbm_1000_1000_1000_1000_1000_1000_1000_1000
time: 1163 msec
accuracy: 0.8622500000
