loop: 4
cost: 125195.0000000000
dataset: data/sbm_1000_1000_1000_1000_1000_1000_1000_1000
time: 1522 msec
accuracy: 0.8362500000
