loop: 3
cost: 386442.0000000000
dataset: data/sbm_2000_2000_2000_2000_2000_2000_2000_2000
time: 2430 msec
accuracy: 0.6734375000
