loop: 3
cost: 123223.0000000000
dataset: data/sbm_1000_1000_1000_1000_1000_1000_1000_1000
time: 1204 msec
accuracy: 0.8436250000
