loop: 2
cost: 341677.0000000000
dataset: data/sbm_1000_1000_1000_1000_1000_1000_1000_1000_1000_1000_1000_1000_1000_1000_1000_1000
time: 1878 msec
accuracy: 0.7035000000
