loop: 3
cost: 248267.0000000000
dataset: data/sbm_1000_1000_1000_1000_1000_1000_1000_1000_1000_1000_1000_1000_1000_1000_1000_1000
time: 2704 msec
accuracy: 0.8310625000
