loop: 4
cost: 246608.0000000000
dataset: data/sbm_1000_1000_1000_1000_1000_1000_1000_1000_1000_1000_1000_1000_1000_1000_1000_1000
time: 3558 msec
accuracy: 0.8541250000
