loop: 3
cost: 287867.0000000000
dataset: data/sbm_2000_2000_2000_2000_2000_2000_2000_2000
time: 2369 msec
accuracy: 0.8466875000
