loop: 2
cost: 172954.0000000000
dataset: data/sbm_1000_1000_1000_1000_1000_1000_1000_1000
time: 880 msec
accuracy: 0.7001250000
