loop: 4
cost: 345687.0000000000
dataset: data/sbm_1000_1000_1000_1000_1000_1000_1000_1000_1000_1000_1000_1000_1000_1000_1000_1000
time: 3541 msec
accuracy: 0.7196250000
