loop: 2
cost: 124994.0000000000
dataset: data/sbm_1000_1000_1000_1000_1000_1000_1000_1000
time: 783 msec
accuracy: 0.8497500000
