loop: 2
cost: 284457.0000000000
dataset: data/sbm_2000_2000_2000_2000_2000_2000_2000_2000
time: 1644 msec
accuracy: 0.8427500000
