loop: 2
cost: 173983.0000000000
dataset: data/sbm_1000_1000_1000_1000_1000_1000_1000_1000
time: 784 msec
accuracy: 0.6937500000
