loop: 2
cost: 380234.0000000000
dataset: data/sbm_2000_2000_2000_2000_2000_2000_2000_2000
time: 1622 msec
accuracy: 0.6756250000
