loop: 3
cost: 171060.0000000000
dataset: data/sbm_1000_1000_1000_1000_1000_1000_1000_1000
time: 1159 msec
accuracy: 0.7042500000
