loop: 3
cost: 287278.0000000000
dataset: data/sbm_2000_2000_2000_2000_2000_2000_2000_2000
time: 2857 msec
accuracy: 0.8642500000
