loop: 2
cost: 125738.0000000000
dataset: data/sbm_1000_1000_1000_1000_1000_1000_1000_1000
time: 791 msec
accuracy: 0.8458750000
