loop: 4
cost: 282279.0000000000
dataset: data/sbm_2000_2000_2000_2000_2000_2000_2000_2000
time: 3171 msec
accuracy: 0.8358125000
