loop: 2
cost: 386542.0000000000
dataset: data/sbm_2000_2000_2000_2000_2000_2000_2000_2000
time: 1630 msec
accuracy: 0.6631250000
