loop: 2
cost: 384207.0000000000
dataset: data/sbm_2000_2000_2000_2000_2000_2000_2000_2000
time: 1657 msec
accuracy: 0.7253750000
