loop: 2
cost: 385309.0000000000
dataset: data/sbm_2000_2000_2000_2000_2000_2000_2000_2000
time: 1583 msec
accuracy: 0.6858125000
