loop: 3
cost: 122254.0000000000
dataset: data/sbm_1000_1000_1000_1000_1000_1000_1000_1000
time: 1179 msec
accuracy: 0.8455000000
