loop: 5
cost: 391155.0000000000
dataset: data/sbm_1000_1000_1000_1000_1000_1000_1000_1000_1000_1000_1000_1000_1000_1000_1000_1000
time: 4422 msec
accuracy: 0.6536250000
