loop: 4
cost: 345159.0000000000
dataset: data/sbm_1000_1000_1000_1000_1000_1000_1000_1000_1000_1000_1000_1000_1000_1000_1000_1000
time: 3547 msec
accuracy: 0.7012500000
