loop: 3
cost: 296483.0000000000
dataset: data/sbm_1000_1000_1000_1000_1000_1000_1000_1000_1000_1000_1000_1000_1000_1000_1000_1000
time: 2706 msec
accuracy: 0.7656875000
