loop: 3
cost: 76480.0000000000
dataset: data/sbm_1000_1000_1000_1000_1000_1000_1000_1000
time: 1143 msec
accuracy: 0.9998750000
