loop: 3
cost: 427588.0000000000
dataset: data/sbm_1000_1000_1000_1000_1000_1000_1000_1000_1000_1000_1000_1000_1000_1000_1000_1000
time: 2680 msec
accuracy: 0.5541875000
