loop: 5
cost: 77837.0000000000
dataset: data/sbm_1000_1000_1000_1000_1000_1000_1000_1000
time: 1924 msec
accuracy: 0.9991250000
