loop: 4
cost: 244850.0000000000
dataset: data/sbm_1000_1000_1000_1000_1000_1000_1000_1000_1000_1000_1000_1000_1000_1000_1000_1000
time: 3619 msec
accuracy: 0.8601250000
