loop: 5
cost: 184953.0000000000
dataset: data/sbm_2000_2000_2000_2000_2000_2000_2000_2000
time: 4935 msec
accuracy: 0.9986250000
