loop: 3
cost: 199371.0000000000
dataset: data/sbm_1000_1000_1000_1000_1000_1000_1000_1000_1000_1000_1000_1000_1000_1000_1000_1000
time: 2698 msec
accuracy: 0.9122500000
