loop: 2
cost: 392142.0000000000
dataset: data/sbm_2000_2000_2000_2000_2000_2000_2000_2000
time: 1616 msec
accuracy: 0.7240000000
