loop: 3
cost: 346429.0000000000
dataset: data/sbm_1000_1000_1000_1000_1000_1000_1000_1000_1000_1000_1000_1000_1000_1000_1000_1000
time: 2781 msec
accuracy: 0.6533750000
