loop: 2
cost: 251399.0000000000
dataset: data/sbm_1000_1000_1000_1000_1000_1000_1000_1000_1000_1000_1000_1000_1000_1000_1000_1000
time: 1850 msec
accuracy: 0.8343125000
