loop: 3
cost: 295262.0000000000
dataset: data/sbm_1000_1000_1000_1000_1000_1000_1000_1000_1000_1000_1000_1000_1000_1000_1000_1000
time: 2664 msec
accuracy: 0.7581250000
