loop: 3
cost: 286927.0000000000
dataset: data/sbm_2000_2000_2000_2000_2000_2000_2000_2000
time: 2371 msec
accuracy: 0.8391875000
