loop: 2
cost: 124878.0000000000
dataset: data/sbm_1000_1000_1000_1000_1000_1000_1000_1000
time: 801 msec
accuracy: 0.8428750000
