loop: 3
cost: 380896.0000000000
dataset: data/sbm_2000_2000_2000_2000_2000_2000_2000_2000
time: 2358 msec
accuracy: 0.7113125000
