loop: 2
cost: 198437.0000000000
dataset: data/sbm_1000_1000_1000_1000_1000_1000_1000_1000_1000_1000_1000_1000_1000_1000_1000_1000
time: 1893 msec
accuracy: 0.9236250000
