loop: 4
cost: 187767.0000000000
dataset: data/sbm_2000_2000_2000_2000_2000_2000_2000_2000
time: 3269 msec
accuracy: 0.9996250000
