loop: 3
cost: 295360.0000000000
dataset: data/sbm_1000_1000_1000_1000_1000_1000_1000_1000_1000_1000_1000_1000_1000_1000_1000_1000
time: 2702 msec
accuracy: 0.7693125000
