loop: 2
cost: 286278.0000000000
dataset: data/sbm_2000_2000_2000_2000_2000_2000_2000_2000
time: 1611 msec
accuracy: 0.8459375000
