loop: 6
cost: 184153.0000000000
dataset: data/sbm_2000_2000_2000_2000_2000_2000_2000_2000
time: 4668 msec
accuracy: 0.9990000000
