loop: 3
cost: 247818.0000000000
dataset: data/sbm_1000_1000_1000_1000_1000_1000_1000_1000_1000_1000_1000_1000_1000_1000_1000_1000
time: 2729 msec
accuracy: 0.8435625000
