loop: 3
cost: 379795.0000000000
dataset: data/sbm_2000_2000_2000_2000_2000_2000_2000_2000
time: 2349 msec
accuracy: 0.7020625000
