loop: 2
cost: 298312.0000000000
dataset: data/sbm_1000_1000_1000_1000_1000_1000_1000_1000_1000_1000_1000_1000_1000_1000_1000_1000
time: 1885 msec
accuracy: 0.7700625000
