loop: 2
cost: 125331.0000000000
dataset: data/sbm_1000_1000_1000_1000_1000_1000_1000_1000
time: 761 msec
accuracy: 0.8473750000
