loop: 3
cost: 287825.0000000000
dataset: data/sbm_2000_2000_2000_2000_2000_2000_2000_2000
time: 2359 msec
accuracy: 0.8485000000
