loop: 2
cost: 76044.0000000000
dataset: data/sbm_1000_1000_1000_1000_1000_1000_1000_1000
time: 778 msec
accuracy: 0.9998750000
