loop: 3
cost: 198525.0000000000
dataset: data/sbm_1000_1000_1000_1000_1000_1000_1000_1000_1000_1000_1000_1000_1000_1000_1000_1000
time: 2714 msec
accuracy: 0.9138125000
