loop: 5
cost: 124916.0000000000
dataset: data/sbm_1000_1000_1000_1000_1000_1000_1000_1000
time: 1935 msec
accuracy: 0.8593750000
