loop: 2
cost: 124330.0000000000
dataset: data/sbm_1000_1000_1000_1000_1000_1000_1000_1000
time: 775 msec
accuracy: 0.8400000000
