loop: 2
cost: 297246.0000000000
dataset: data/sbm_1000_1000_1000_1000_1000_1000_1000_1000_1000_1000_1000_1000_1000_1000_1000_1000
time: 1882 msec
accuracy: 0.7466250000
