loop: 3
cost: 386499.0000000000
dataset: data/sbm_2000_2000_2000_2000_2000_2000_2000_2000
time: 2412 msec
accuracy: 0.6981875000
