loop: 2
cost: 171598.0000000000
dataset: data/sbm_1000_1000_1000_1000_1000_1000_1000_1000
time: 783 msec
accuracy: 0.7090000000
