loop: 4
cost: 76825.0000000000
dataset: data/sbm_1000_1000_1000_1000_1000_1000_1000_1000
time: 1497 msec
accuracy: 0.9996250000
