loop: 4
cost: 390614.0000000000
dataset: data/sbm_1000_1000_1000_1000_1000_1000_1000_1000_1000_1000_1000_1000_1000_1000_1000_1000
time: 3529 msec
accuracy: 0.6306875000
