loop: 3
cost: 123888.0000000000
dataset: data/sbm_1000_1000_1000_1000_1000_1000_1000_1000
time: 1149 msec
accuracy: 0.8481250000
