loop: 2
cost: 385284.0000000000
dataset: data/sbm_2000_2000_2000_2000_2000_2000_2000_2000
time: 1603 msec
accuracy: 0.6805000000
