loop: 5
cost: 75566.0000000000
dataset: data/sbm_1000_1000_1000_1000_1000_1000_1000_1000
time: 1905 msec
accuracy: 0.9996250000
