loop: 2
cost: 249232.0000000000
dataset: data/sbm_1000_1000_1000_1000_1000_1000_1000_1000_1000_1000_1000_1000_1000_1000_1000_1000
time: 1832 msec
accuracy: 0.8476250000
