loop: 3
cost: 287550.0000000000
dataset: data/sbm_2000_2000_2000_2000_2000_2000_2000_2000
time: 2661 msec
accuracy: 0.8288750000
