loop: 2
cost: 172408.0000000000
dataset: data/sbm_1000_1000_1000_1000_1000_1000_1000_1000
time: 844 msec
accuracy: 0.7262500000
