loop: 3
cost: 202839.0000000000
dataset: data/sbm_1000_1000_1000_1000_1000_1000_1000_1000_1000_1000_1000_1000_1000_1000_1000_1000
time: 2741 msec
accuracy: 0.9310625000
