loop: 4
cost: 250263.0000000000
dataset: data/sbm_1000_1000_1000_1000_1000_1000_1000_1000_1000_1000_1000_1000_1000_1000_1000_1000
time: 3568 msec
accuracy: 0.8543125000
