loop: 5
cost: 283875.0000000000
dataset: data/sbm_2000_2000_2000_2000_2000_2000_2000_2000
time: 3903 msec
accuracy: 0.8517500000
