loop: 2
cost: 223168.0000000000
dataset: data/sbm_1000_1000_1000_1000_1000_1000_1000_1000
time: 808 msec
accuracy: 0.5556250000
