loop: 3
cost: 123700.0000000000
dataset: data/sbm_1000_1000_1000_1000_1000_1000_1000_1000
time: 1146 msec
accuracy: 0.8401250000
