loop: 4
cost: 248070.0000000000
dataset: data/sbm_1000_1000_1000_1000_1000_1000_1000_1000_1000_1000_1000_1000_1000_1000_1000_1000
time: 3615 msec
accuracy: 0.8316875000
