loop: 2
cost: 123886.0000000000
dataset: data/sbm_1000_1000_1000_1000_1000_1000_1000_1000
time: 782 msec
accuracy: 0.8492500000
