loop: 3
cost: 125358.0000000000
dataset: data/sbm_1000_1000_1000_1000_1000_1000_1000_1000
time: 1144 msec
accuracy: 0.8352500000
