loop: 2
cost: 299920.0000000000
dataset: data/sbm_1000_1000_1000_1000_1000_1000_1000_1000_1000_1000_1000_1000_1000_1000_1000_1000
time: 1913 msec
accuracy: 0.7156250000
