loop: 2
cost: 285662.0000000000
dataset: data/sbm_2000_2000_2000_2000_2000_2000_2000_2000
time: 1635 msec
accuracy: 0.8658750000
