loop: 3
cost: 295555.0000000000
dataset: data/sbm_1000_1000_1000_1000_1000_1000_1000_1000_1000_1000_1000_1000_1000_1000_1000_1000
time: 2661 msec
accuracy: 0.7731250000
