loop: 2
cost: 125965.0000000000
dataset: data/sbm_1000_1000_1000_1000_1000_1000_1000_1000
time: 1813 msec
accuracy: 0.8232500000
