loop: 4
cost: 342913.0000000000
dataset: data/sbm_1000_1000_1000_1000_1000_1000_1000_1000_1000_1000_1000_1000_1000_1000_1000_1000
time: 3637 msec
accuracy: 0.7076875000
