loop: 2
cost: 290904.0000000000
dataset: data/sbm_2000_2000_2000_2000_2000_2000_2000_2000
time: 1991 msec
accuracy: 0.8215625000
