loop: 2
cost: 123982.0000000000
dataset: data/sbm_1000_1000_1000_1000_1000_1000_1000_1000
time: 771 msec
accuracy: 0.8435000000
