loop: 2
cost: 169259.0000000000
dataset: data/sbm_1000_1000_1000_1000_1000_1000_1000_1000
time: 780 msec
accuracy: 0.6808750000
