loop: 2
cost: 248866.0000000000
dataset: data/sbm_1000_1000_1000_1000_1000_1000_1000_1000_1000_1000_1000_1000_1000_1000_1000_1000
time: 1859 msec
accuracy: 0.8400000000
