loop: 3
cost: 384688.0000000000
dataset: data/sbm_2000_2000_2000_2000_2000_2000_2000_2000
time: 2408 msec
accuracy: 0.6721875000
