loop: 2
cost: 382823.0000000000
dataset: data/sbm_2000_2000_2000_2000_2000_2000_2000_2000
time: 1692 msec
accuracy: 0.7036250000
