loop: 5
cost: 284163.0000000000
dataset: data/sbm_2000_2000_2000_2000_2000_2000_2000_2000
time: 3888 msec
accuracy: 0.8383125000
