loop: 3
cost: 124892.0000000000
dataset: data/sbm_1000_1000_1000_1000_1000_1000_1000_1000
time: 1269 msec
accuracy: 0.8445000000
