loop: 2
cost: 348968.0000000000
dataset: data/sbm_1000_1000_1000_1000_1000_1000_1000_1000_1000_1000_1000_1000_1000_1000_1000_1000
time: 1854 msec
accuracy: 0.6849375000
