loop: 4
cost: 340338.0000000000
dataset: data/sbm_1000_1000_1000_1000_1000_1000_1000_1000_1000_1000_1000_1000_1000_1000_1000_1000
time: 3599 msec
accuracy: 0.7156875000
