loop: 3
cost: 385407.0000000000
dataset: data/sbm_2000_2000_2000_2000_2000_2000_2000_2000
time: 2399 msec
accuracy: 0.6703125000
