loop: 2
cost: 186675.0000000000
dataset: data/sbm_2000_2000_2000_2000_2000_2000_2000_2000
time: 1606 msec
accuracy: 0.9995625000
