loop: 3
cost: 247724.0000000000
dataset: data/sbm_1000_1000_1000_1000_1000_1000_1000_1000_1000_1000_1000_1000_1000_1000_1000_1000
time: 2648 msec
accuracy: 0.8455625000
