loop: 4
cost: 286203.0000000000
dataset: data/sbm_2000_2000_2000_2000_2000_2000_2000_2000
time: 3107 msec
accuracy: 0.8706875000
