loop: 3
cost: 283936.0000000000
dataset: data/sbm_2000_2000_2000_2000_2000_2000_2000_2000
time: 2403 msec
accuracy: 0.8302500000
