loop: 6
cost: 122394.0000000000
dataset: data/sbm_1000_1000_1000_1000_1000_1000_1000_1000
time: 2305 msec
accuracy: 0.8521250000
