loop: 3
cost: 285874.0000000000
dataset: data/sbm_2000_2000_2000_2000_2000_2000_2000_2000
time: 2393 msec
accuracy: 0.8382500000
