loop: 2
cost: 290853.0000000000
dataset: data/sbm_2000_2000_2000_2000_2000_2000_2000_2000
time: 1607 msec
accuracy: 0.8324375000
