loop: 3
cost: 184250.0000000000
dataset: data/sbm_2000_2000_2000_2000_2000_2000_2000_2000
time: 2378 msec
accuracy: 0.9997500000
