loop: 2
cost: 125070.0000000000
dataset: data/sbm_1000_1000_1000_1000_1000_1000_1000_1000
time: 817 msec
accuracy: 0.8440000000
