loop: 2
cost: 286739.0000000000
dataset: data/sbm_2000_2000_2000_2000_2000_2000_2000_2000
time: 1637 msec
accuracy: 0.8318750000
