loop: 4
cost: 297285.0000000000
dataset: data/sbm_1000_1000_1000_1000_1000_1000_1000_1000_1000_1000_1000_1000_1000_1000_1000_1000
time: 3525 msec
accuracy: 0.7643125000
