loop: 3
cost: 126165.0000000000
dataset: data/sbm_1000_1000_1000_1000_1000_1000_1000_1000
time: 1147 msec
accuracy: 0.8497500000
