loop: 3
cost: 295674.0000000000
dataset: data/sbm_1000_1000_1000_1000_1000_1000_1000_1000_1000_1000_1000_1000_1000_1000_1000_1000
time: 2676 msec
accuracy: 0.7617500000
