loop: 2
cost: 296543.0000000000
dataset: data/sbm_1000_1000_1000_1000_1000_1000_1000_1000_1000_1000_1000_1000_1000_1000_1000_1000
time: 1890 msec
accuracy: 0.7772500000
