loop: 6
cost: 295511.0000000000
dataset: data/sbm_1000_1000_1000_1000_1000_1000_1000_1000_1000_1000_1000_1000_1000_1000_1000_1000
time: 5537 msec
accuracy: 0.7688750000
