loop: 2
cost: 248328.0000000000
dataset: data/sbm_1000_1000_1000_1000_1000_1000_1000_1000_1000_1000_1000_1000_1000_1000_1000_1000
time: 1849 msec
accuracy: 0.8378125000
