loop: 3
cost: 184726.0000000000
dataset: data/sbm_2000_2000_2000_2000_2000_2000_2000_2000
time: 2337 msec
accuracy: 0.9995000000
