loop: 3
cost: 124138.0000000000
dataset: data/sbm_1000_1000_1000_1000_1000_1000_1000_1000
time: 1143 msec
accuracy: 0.8668750000
