loop: 3
cost: 123590.0000000000
dataset: data/sbm_1000_1000_1000_1000_1000_1000_1000_1000
time: 1156 msec
accuracy: 0.8316250000
