loop: 2
cost: 389032.0000000000
dataset: data/sbm_2000_2000_2000_2000_2000_2000_2000_2000
time: 2173 msec
accuracy: 0.7181875000
