loop: 3
cost: 123780.0000000000
dataset: data/sbm_1000_1000_1000_1000_1000_1000_1000_1000
time: 1144 msec
accuracy: 0.8365000000
