loop: 2
cost: 292180.0000000000
dataset: data/sbm_1000_1000_1000_1000_1000_1000_1000_1000_1000_1000_1000_1000_1000_1000_1000_1000
time: 1839 msec
accuracy: 0.7775625000
