loop: 3
cost: 171115.0000000000
dataset: data/sbm_1000_1000_1000_1000_1000_1000_1000_1000
time: 1146 msec
accuracy: 0.6898750000
