loop: 2
cost: 290189.0000000000
dataset: data/sbm_2000_2000_2000_2000_2000_2000_2000_2000
time: 1643 msec
accuracy: 0.8316250000
