loop: 3
cost: 75116.0000000000
dataset: data/sbm_1000_1000_1000_1000_1000_1000_1000_1000
time: 1146 msec
accuracy: 0.9998750000
