loop: 4
cost: 250714.0000000000
dataset: data/sbm_1000_1000_1000_1000_1000_1000_1000_1000_1000_1000_1000_1000_1000_1000_1000_1000
time: 3594 msec
accuracy: 0.8427500000
