loop: 4
cost: 347410.0000000000
dataset: data/sbm_1000_1000_1000_1000_1000_1000_1000_1000_1000_1000_1000_1000_1000_1000_1000_1000
time: 3627 msec
accuracy: 0.6703750000
