loop: 2
cost: 490093.0000000000
dataset: data/sbm_2000_2000_2000_2000_2000_2000_2000_2000
time: 1654 msec
accuracy: 0.5586875000
