loop: 7
cost: 294603.0000000000
dataset: data/sbm_1000_1000_1000_1000_1000_1000_1000_1000_1000_1000_1000_1000_1000_1000_1000_1000
time: 6068 msec
accuracy: 0.7608125000
