loop: 4
cost: 288261.0000000000
dataset: data/sbm_2000_2000_2000_2000_2000_2000_2000_2000
time: 3370 msec
accuracy: 0.8350625000
