loop: 2
cost: 291023.0000000000
dataset: data/sbm_2000_2000_2000_2000_2000_2000_2000_2000
time: 1626 msec
accuracy: 0.8425625000
