loop: 2
cost: 171298.0000000000
dataset: data/sbm_1000_1000_1000_1000_1000_1000_1000_1000
time: 772 msec
accuracy: 0.7017500000
