loop: 2
cost: 287704.0000000000
dataset: data/sbm_2000_2000_2000_2000_2000_2000_2000_2000
time: 1623 msec
accuracy: 0.8372500000
