loop: 3
cost: 284064.0000000000
dataset: data/sbm_2000_2000_2000_2000_2000_2000_2000_2000
time: 2373 msec
accuracy: 0.8472500000
