loop: 3
cost: 246839.0000000000
dataset: data/sbm_1000_1000_1000_1000_1000_1000_1000_1000_1000_1000_1000_1000_1000_1000_1000_1000
time: 2741 msec
accuracy: 0.8303125000
