loop: 2
cost: 185577.0000000000
dataset: data/sbm_2000_2000_2000_2000_2000_2000_2000_2000
time: 1609 msec
accuracy: 0.9996250000
