loop: 2
cost: 286229.0000000000
dataset: data/sbm_2000_2000_2000_2000_2000_2000_2000_2000
time: 1916 msec
accuracy: 0.8255000000
