loop: 3
cost: 246617.0000000000
dataset: data/sbm_1000_1000_1000_1000_1000_1000_1000_1000_1000_1000_1000_1000_1000_1000_1000_1000
time: 2761 msec
accuracy: 0.8313125000
