loop: 2
cost: 124950.0000000000
dataset: data/sbm_1000_1000_1000_1000_1000_1000_1000_1000
time: 792 msec
accuracy: 0.8381250000
