loop: 3
cost: 286094.0000000000
dataset: data/sbm_2000_2000_2000_2000_2000_2000_2000_2000
time: 2402 msec
accuracy: 0.8290000000
