loop: 4
cost: 294126.0000000000
dataset: data/sbm_1000_1000_1000_1000_1000_1000_1000_1000_1000_1000_1000_1000_1000_1000_1000_1000
time: 3555 msec
accuracy: 0.7601250000
