loop: 3
cost: 485210.0000000000
dataset: data/sbm_2000_2000_2000_2000_2000_2000_2000_2000
time: 2384 msec
accuracy: 0.5660625000
