loop: 5
cost: 296188.0000000000
dataset: data/sbm_1000_1000_1000_1000_1000_1000_1000_1000_1000_1000_1000_1000_1000_1000_1000_1000
time: 4397 msec
accuracy: 0.7783750000
