loop: 2
cost: 288600.0000000000
dataset: data/sbm_2000_2000_2000_2000_2000_2000_2000_2000
time: 1635 msec
accuracy: 0.8273750000
