loop: 3
cost: 246361.0000000000
dataset: data/sbm_1000_1000_1000_1000_1000_1000_1000_1000_1000_1000_1000_1000_1000_1000_1000_1000
time: 2753 msec
accuracy: 0.8503125000
