loop: 3
cost: 487194.0000000000
dataset: data/sbm_2000_2000_2000_2000_2000_2000_2000_2000
time: 2386 msec
accuracy: 0.5421250000
