loop: 3
cost: 74796.0000000000
dataset: data/sbm_1000_1000_1000_1000_1000_1000_1000_1000
time: 1141 msec
accuracy: 0.9998750000
