loop: 7
cost: 298330.0000000000
dataset: data/sbm_1000_1000_1000_1000_1000_1000_1000_1000_1000_1000_1000_1000_1000_1000_1000_1000
time: 6201 msec
accuracy: 0.7661875000
