loop: 3
cost: 384905.0000000000
dataset: data/sbm_2000_2000_2000_2000_2000_2000_2000_2000
time: 2350 msec
accuracy: 0.6943125000
