loop: 3
cost: 288411.0000000000
dataset: data/sbm_2000_2000_2000_2000_2000_2000_2000_2000
time: 2338 msec
accuracy: 0.8264375000
