loop: 2
cost: 283632.0000000000
dataset: data/sbm_2000_2000_2000_2000_2000_2000_2000_2000
time: 1619 msec
accuracy: 0.8359375000
