loop: 2
cost: 391775.0000000000
dataset: data/sbm_1000_1000_1000_1000_1000_1000_1000_1000_1000_1000_1000_1000_1000_1000_1000_1000
time: 1836 msec
accuracy: 0.5951875000
