loop: 2
cost: 253090.0000000000
dataset: data/sbm_1000_1000_1000_1000_1000_1000_1000_1000_1000_1000_1000_1000_1000_1000_1000_1000
time: 1855 msec
accuracy: 0.8366250000
