loop: 5
cost: 248475.0000000000
dataset: data/sbm_1000_1000_1000_1000_1000_1000_1000_1000_1000_1000_1000_1000_1000_1000_1000_1000
time: 4356 msec
accuracy: 0.7907500000
