loop: 2
cost: 345867.0000000000
dataset: data/sbm_1000_1000_1000_1000_1000_1000_1000_1000_1000_1000_1000_1000_1000_1000_1000_1000
time: 1795 msec
accuracy: 0.7000000000
