loop: 3
cost: 171884.0000000000
dataset: data/sbm_1000_1000_1000_1000_1000_1000_1000_1000
time: 1139 msec
accuracy: 0.6972500000
