loop: 2
cost: 171971.0000000000
dataset: data/sbm_1000_1000_1000_1000_1000_1000_1000_1000
time: 770 msec
accuracy: 0.6860000000
