loop: 4
cost: 197563.0000000000
dataset: data/sbm_1000_1000_1000_1000_1000_1000_1000_1000_1000_1000_1000_1000_1000_1000_1000_1000
time: 3553 msec
accuracy: 0.9291250000
