loop: 3
cost: 282900.0000000000
dataset: data/sbm_2000_2000_2000_2000_2000_2000_2000_2000
time: 2382 msec
accuracy: 0.8583125000
