loop: 3
cost: 283916.0000000000
dataset: data/sbm_2000_2000_2000_2000_2000_2000_2000_2000
time: 2380 msec
accuracy: 0.8435625000
