loop: 2
cost: 347437.0000000000
dataset: data/sbm_1000_1000_1000_1000_1000_1000_1000_1000_1000_1000_1000_1000_1000_1000_1000_1000
time: 1834 msec
accuracy: 0.7113750000
