loop: 2
cost: 388251.0000000000
dataset: data/sbm_2000_2000_2000_2000_2000_2000_2000_2000
time: 1618 msec
accuracy: 0.7052500000
