loop: 2
cost: 282710.0000000000
dataset: data/sbm_2000_2000_2000_2000_2000_2000_2000_2000
time: 1610 msec
accuracy: 0.8370625000
