loop: 3
cost: 246829.0000000000
dataset: data/sbm_1000_1000_1000_1000_1000_1000_1000_1000_1000_1000_1000_1000_1000_1000_1000_1000
time: 2640 msec
accuracy: 0.8505000000
