loop: 2
cost: 124772.0000000000
dataset: data/sbm_1000_1000_1000_1000_1000_1000_1000_1000
time: 813 msec
accuracy: 0.8447500000
