loop: 5
cost: 286836.0000000000
dataset: data/sbm_2000_2000_2000_2000_2000_2000_2000_2000
time: 3922 msec
accuracy: 0.8390625000
