loop: 2
cost: 391357.0000000000
dataset: data/sbm_2000_2000_2000_2000_2000_2000_2000_2000
time: 1612 msec
accuracy: 0.6983750000
