loop: 4
cost: 244191.0000000000
dataset: data/sbm_1000_1000_1000_1000_1000_1000_1000_1000_1000_1000_1000_1000_1000_1000_1000_1000
time: 4170 msec
accuracy: 0.8550625000
